time,CR,HM,HT
03/02/2025 10:30:56,929.0,21.7,31.8
03/02/2025 10:35:57,921.0,21.5,31.9
03/02/2025 10:40:56,915.0,21.5,32.0
03/02/2025 10:45:58,911.0,21.3,32.2
03/02/2025 10:50:58,904.0,21.0,32.2
03/02/2025 10:55:58,902.0,21.2,32.1
03/02/2025 11:00:58,918.0,21.4,32.1
03/02/2025 11:05:59,894.0,21.8,31.8
03/02/2025 11:09:37,903.0,22.1,31.5
03/02/2025 11:10:52,905.0,22.2,31.5
03/02/2025 11:15:52,900.0,22.1,31.6
03/02/2025 11:20:52,894.0,21.9,31.7
03/02/2025 11:25:52,904.0,22.2,31.7
03/02/2025 11:30:53,898.0,22.2,31.9
03/02/2025 11:35:52,900.0,22.0,32.0
03/02/2025 11:44:55,915.0,22.0,32.0
03/02/2025 11:52:57,890.0,22.1,32.2
03/02/2025 12:00:13,909.0,22.0,32.2
04/02/2025 07:58:34,966.0,48.0,18.8
04/02/2025 08:03:00,950.0,48.8,18.3
04/02/2025 08:05:15,945.0,48.9,18.4
04/02/2025 08:10:16,937.0,48.8,18.4
04/02/2025 08:15:16,946.0,48.8,18.5
04/02/2025 08:20:15,931.0,48.7,18.6
04/02/2025 08:25:15,921.0,48.6,18.7
04/02/2025 08:30:16,921.0,48.5,18.8
04/02/2025 08:35:16,930.0,48.4,18.9
04/02/2025 08:40:17,917.0,48.3,19.0
04/02/2025 08:45:16,912.0,48.2,19.0
04/02/2025 08:50:16,928.0,46.8,20.8
04/02/2025 08:55:16,904.0,40.3,23.5
04/02/2025 09:00:15,913.0,37.1,24.9
04/02/2025 09:05:15,906.0,35.3,25.8
04/02/2025 09:10:14,931.0,33.8,26.7
04/02/2025 09:15:14,888.0,32.3,27.6
04/02/2025 09:20:14,915.0,31.2,28.2
04/02/2025 09:25:14,926.0,33.0,27.4
04/02/2025 09:29:58,822.0,38.6,22.8
04/02/2025 09:34:59,822.0,42.3,21.0
04/02/2025 09:39:59,824.0,44.2,20.4
04/02/2025 09:44:58,830.0,45.2,20.1
04/02/2025 10:05:15,831.0,46.2,20.0
04/02/2025 10:09:59,830.0,46.2,20.1
04/02/2025 10:14:58,815.0,46.2,20.1
04/02/2025 10:19:58,830.0,46.4,20.1
04/02/2025 10:24:58,826.0,46.4,20.1
04/02/2025 10:44:57,838.0,46.5,20.3
04/02/2025 11:04:59,830.0,46.7,20.3
04/02/2025 11:09:59,829.0,46.6,20.3
04/02/2025 11:14:58,830.0,46.6,20.4
04/02/2025 11:19:59,826.0,40.8,24.4
04/02/2025 11:25:15,906.0,34.7,27.3
04/02/2025 11:30:15,901.0,31.7,29.0
04/02/2025 11:35:14,895.0,30.0,30.1
04/02/2025 11:40:14,910.0,28.7,30.9
04/02/2025 11:45:15,899.0,28.0,31.3
04/02/2025 11:49:58,916.0,27.6,31.6
04/02/2025 11:54:58,895.0,27.1,31.9
04/02/2025 11:59:59,887.0,26.8,32.1
04/02/2025 12:04:58,911.0,26.6,32.4
04/02/2025 12:06:14,909.0,26.6,32.4
04/02/2025 12:11:13,908.0,26.3,32.6
04/02/2025 12:16:14,912.0,26.0,32.8
04/02/2025 12:21:14,894.0,25.8,33.0
04/02/2025 12:26:14,913.0,25.5,33.1
04/02/2025 12:31:13,919.0,25.3,33.3
04/02/2025 12:36:13,897.0,25.1,33.5
04/02/2025 12:41:14,887.0,25.2,33.5
04/02/2025 12:46:13,886.0,25.1,33.5
04/02/2025 12:51:13,916.0,24.9,33.7
04/02/2025 12:56:13,890.0,24.8,33.7
04/02/2025 13:01:13,912.0,24.8,33.7
04/02/2025 13:04:58,898.0,24.8,33.6
04/02/2025 13:06:14,915.0,24.9,33.7
04/02/2025 13:11:14,892.0,24.7,33.8
04/02/2025 13:16:12,898.0,24.7,33.9
04/02/2025 13:21:12,894.0,24.7,33.9
04/02/2025 13:26:12,886.0,24.6,33.9
04/02/2025 13:31:11,908.0,24.5,34.0
04/02/2025 13:36:13,905.0,24.4,34.0
04/02/2025 13:41:12,905.0,24.3,34.1
04/02/2025 13:46:12,894.0,24.4,34.0
04/02/2025 13:51:12,899.0,24.4,34.0
04/02/2025 13:56:12,882.0,24.4,33.9
04/02/2025 14:01:11,902.0,24.2,34.1
04/02/2025 14:04:55,917.0,24.1,34.0
04/02/2025 14:06:11,874.0,24.1,34.0
04/02/2025 14:11:10,876.0,24.2,33.9
04/02/2025 14:16:10,908.0,24.1,34.0
04/02/2025 14:21:09,911.0,24.0,34.0
04/02/2025 14:26:10,903.0,24.1,33.9
04/02/2025 14:31:10,885.0,24.0,33.9
04/02/2025 14:36:10,913.0,24.0,33.9
04/02/2025 14:41:09,886.0,23.9,33.9
04/02/2025 14:46:08,881.0,23.9,33.9
04/02/2025 14:51:09,913.0,23.8,34.1
04/02/2025 14:56:08,870.0,23.6,34.1
04/02/2025 15:01:08,902.0,23.5,34.2
04/02/2025 15:04:53,888.0,23.6,34.1
04/02/2025 15:06:09,905.0,23.6,34.1
04/02/2025 15:11:08,879.0,23.6,34.1
04/02/2025 15:16:08,900.0,23.6,34.2
04/02/2025 15:21:08,875.0,23.9,33.9
04/02/2025 15:26:07,905.0,23.8,34.1
04/02/2025 15:31:08,906.0,23.7,34.0
04/02/2025 15:36:08,906.0,23.8,34.0
04/02/2025 15:41:08,911.0,23.7,34.0
04/02/2025 15:46:07,900.0,23.9,33.8
04/02/2025 15:51:07,896.0,23.9,33.8
04/02/2025 15:56:07,905.0,23.9,33.7
04/02/2025 16:01:08,887.0,24.0,33.7
04/02/2025 16:04:52,896.0,24.1,33.6
04/02/2025 16:06:07,882.0,24.1,33.5
04/02/2025 16:11:07,909.0,24.1,33.5
04/02/2025 16:16:07,900.0,24.2,33.5
04/02/2025 16:21:07,886.0,24.2,33.5
04/02/2025 16:26:06,901.0,24.3,33.4
04/02/2025 16:31:06,879.0,24.3,33.4
04/02/2025 16:36:05,900.0,24.3,33.3
04/02/2025 16:41:07,884.0,24.4,33.2
04/02/2025 16:46:05,884.0,24.4,33.3
04/02/2025 16:51:06,893.0,24.5,33.2
04/02/2025 16:56:05,883.0,24.5,33.3
04/02/2025 17:01:07,885.0,24.4,33.3
04/02/2025 17:04:49,912.0,24.4,33.4
04/02/2025 17:06:05,890.0,24.4,33.4
04/02/2025 17:11:05,909.0,24.6,33.3
04/02/2025 17:16:05,881.0,24.4,33.4
04/02/2025 17:21:04,882.0,24.5,33.4
04/02/2025 17:26:04,877.0,24.4,33.5
04/02/2025 17:31:03,884.0,24.5,33.5
04/02/2025 17:36:03,908.0,24.5,33.4
04/02/2025 17:41:02,893.0,24.5,33.4
04/02/2025 17:46:03,903.0,24.5,33.4
04/02/2025 17:51:02,874.0,24.5,33.4
04/02/2025 17:56:03,872.0,24.6,33.4
04/02/2025 18:01:04,875.0,24.6,33.3
04/02/2025 18:04:48,967.0,24.6,33.3
04/02/2025 18:06:02,894.0,24.6,33.3
04/02/2025 18:11:02,883.0,24.6,33.3
04/02/2025 18:16:01,881.0,24.7,33.2
04/02/2025 18:21:02,889.0,24.6,33.3
04/02/2025 18:26:02,869.0,24.6,33.3
04/02/2025 18:31:03,872.0,24.7,33.2
04/02/2025 18:36:04,882.0,24.7,33.2
04/02/2025 18:40:41,875.0,24.6,33.2
04/02/2025 18:45:40,871.0,24.6,33.3
04/02/2025 18:50:40,877.0,24.5,33.3
04/02/2025 18:55:41,861.0,24.7,33.2
04/02/2025 19:00:40,889.0,24.7,33.2
04/02/2025 19:05:40,881.0,24.8,33.1
04/02/2025 19:10:41,880.0,24.7,33.2
04/02/2025 19:15:40,871.0,24.7,33.2
04/02/2025 19:20:40,869.0,24.7,33.2
04/02/2025 19:25:42,871.0,24.7,33.2
04/02/2025 19:30:39,870.0,24.6,33.2
04/02/2025 19:35:40,882.0,24.6,33.2
04/02/2025 19:40:40,886.0,24.7,33.2
04/02/2025 19:45:39,888.0,24.7,33.1
04/02/2025 19:50:39,873.0,24.7,33.1
04/02/2025 19:55:40,881.0,24.7,33.1
04/02/2025 20:00:40,880.0,24.7,33.1
04/02/2025 20:05:39,878.0,24.7,33.2
04/02/2025 20:10:39,877.0,24.7,33.0
04/02/2025 20:15:39,889.0,24.8,33.0
04/02/2025 20:20:39,884.0,24.8,33.0
04/02/2025 20:25:39,878.0,24.8,33.0
04/02/2025 20:30:40,909.0,24.8,33.0
04/02/2025 20:35:41,875.0,24.7,33.0
04/02/2025 20:40:40,880.0,24.7,33.0
04/02/2025 20:45:40,871.0,24.7,33.0
04/02/2025 20:50:40,877.0,24.7,33.1
04/02/2025 20:55:40,872.0,24.7,33.0
04/02/2025 21:00:41,877.0,24.7,33.0
04/02/2025 21:05:40,917.0,24.6,33.0
04/02/2025 21:10:41,883.0,24.6,33.0
04/02/2025 21:15:40,884.0,24.7,33.0
04/02/2025 21:20:39,874.0,24.7,33.0
04/02/2025 21:25:39,894.0,24.7,32.9
04/02/2025 21:30:39,889.0,24.7,32.9
04/02/2025 21:35:40,897.0,24.7,32.9
04/02/2025 21:40:40,872.0,24.6,33.0
04/02/2025 21:45:39,878.0,24.6,33.0
04/02/2025 21:50:39,888.0,24.6,32.9
04/02/2025 21:55:39,881.0,24.6,33.0
04/02/2025 22:00:40,887.0,24.6,33.0
04/02/2025 22:05:40,882.0,24.5,32.9
04/02/2025 22:10:39,884.0,24.6,32.9
04/02/2025 22:15:39,884.0,24.6,32.9
04/02/2025 22:20:38,908.0,24.6,32.9
04/02/2025 22:25:38,888.0,24.6,32.9
04/02/2025 22:30:39,894.0,24.5,33.0
04/02/2025 22:35:38,888.0,24.5,33.0
04/02/2025 22:40:38,892.0,24.5,33.0
04/02/2025 22:45:38,899.0,24.5,33.0
04/02/2025 22:50:38,912.0,24.5,33.0
04/02/2025 22:55:37,887.0,24.5,33.0
04/02/2025 23:00:37,895.0,24.5,33.0
04/02/2025 23:05:37,899.0,24.5,32.9
04/02/2025 23:10:36,894.0,24.4,32.9
04/02/2025 23:15:36,893.0,24.4,33.0
04/02/2025 23:20:37,893.0,24.5,32.9
04/02/2025 23:25:37,903.0,24.5,32.9
04/02/2025 23:30:36,896.0,24.4,33.0
04/02/2025 23:35:36,898.0,24.4,32.9
04/02/2025 23:40:36,907.0,24.4,32.9
04/02/2025 23:45:36,901.0,24.4,33.0
04/02/2025 23:50:35,899.0,24.3,33.0
04/02/2025 23:55:35,895.0,24.3,33.0
05/02/2025 00:00:35,899.0,24.3,32.9
05/02/2025 00:05:35,898.0,24.3,33.0
05/02/2025 00:10:36,901.0,24.2,33.0
05/02/2025 00:15:36,905.0,24.3,32.9
05/02/2025 00:20:35,900.0,24.2,32.9
05/02/2025 00:25:35,894.0,24.3,32.9
05/02/2025 00:30:35,890.0,24.2,32.9
05/02/2025 00:35:35,906.0,24.2,32.9
05/02/2025 00:40:35,893.0,24.2,32.9
05/02/2025 00:45:35,902.0,24.2,32.9
05/02/2025 00:50:35,906.0,24.2,32.9
05/02/2025 00:55:35,909.0,24.1,32.9
05/02/2025 01:00:35,904.0,24.1,32.9
05/02/2025 01:05:36,904.0,24.1,32.9
05/02/2025 01:10:36,910.0,24.1,32.9
05/02/2025 01:15:36,898.0,24.1,32.9
05/02/2025 01:20:36,904.0,24.1,32.9
05/02/2025 01:25:36,891.0,24.1,32.8
05/02/2025 01:30:36,908.0,24.1,32.8
05/02/2025 01:35:34,895.0,24.1,32.8
05/02/2025 01:40:34,904.0,24.2,32.7
05/02/2025 01:45:34,898.0,24.2,32.7
05/02/2025 01:50:34,907.0,24.2,32.7
05/02/2025 01:55:35,890.0,24.2,32.7
05/02/2025 02:00:33,901.0,24.2,32.7
05/02/2025 02:05:33,898.0,24.3,32.6
05/02/2025 02:10:35,900.0,24.2,32.7
05/02/2025 02:15:35,902.0,24.2,32.7
05/02/2025 02:20:33,901.0,24.2,32.7
05/02/2025 02:25:34,904.0,24.2,32.6
05/02/2025 02:30:34,908.0,24.2,32.6
05/02/2025 02:35:34,906.0,24.3,32.6
05/02/2025 02:40:33,896.0,24.3,32.6
05/02/2025 02:45:33,925.0,24.3,32.6
05/02/2025 02:50:34,904.0,24.3,32.6
05/02/2025 02:55:34,912.0,24.3,32.6
05/02/2025 03:00:35,911.0,24.3,32.6
05/02/2025 03:05:34,906.0,24.4,32.6
05/02/2025 03:10:34,904.0,24.4,32.6
05/02/2025 03:15:34,908.0,24.3,32.6
05/02/2025 03:20:33,924.0,24.3,32.6
05/02/2025 03:25:34,895.0,24.4,32.6
05/02/2025 03:30:33,921.0,24.4,32.6
05/02/2025 03:35:34,915.0,24.5,32.6
05/02/2025 03:40:34,908.0,24.4,32.6
05/02/2025 03:45:33,903.0,24.4,32.5
05/02/2025 03:50:34,904.0,24.4,32.6
05/02/2025 03:55:34,903.0,24.4,32.6
05/02/2025 04:00:33,911.0,24.4,32.6
05/02/2025 04:05:33,903.0,24.4,32.6
05/02/2025 04:10:33,912.0,24.4,32.6
05/02/2025 04:15:33,897.0,24.4,32.6
05/02/2025 04:20:32,897.0,24.5,32.5
05/02/2025 04:25:33,900.0,24.5,32.5
05/02/2025 04:30:33,913.0,24.5,32.5
05/02/2025 04:35:33,901.0,24.5,32.4
05/02/2025 04:40:32,911.0,24.5,32.5
05/02/2025 04:45:32,919.0,24.5,32.5
05/02/2025 04:50:33,906.0,24.6,32.5
05/02/2025 04:55:33,896.0,24.5,32.4
05/02/2025 05:00:32,905.0,24.6,32.5
05/02/2025 05:05:32,907.0,24.5,32.5
05/02/2025 05:10:32,915.0,24.5,32.5
05/02/2025 05:15:32,912.0,24.5,32.4
05/02/2025 05:20:31,911.0,24.5,32.4
05/02/2025 05:25:31,908.0,24.5,32.4
05/02/2025 05:30:33,912.0,24.5,32.4
05/02/2025 05:35:33,902.0,24.5,32.4
05/02/2025 05:40:33,901.0,24.4,32.4
05/02/2025 05:45:33,910.0,24.5,32.4
05/02/2025 05:50:33,903.0,24.5,32.4
05/02/2025 05:55:33,917.0,24.5,32.3
05/02/2025 06:00:32,894.0,24.5,32.3
05/02/2025 06:05:32,902.0,24.5,32.3
05/02/2025 06:10:33,898.0,24.5,32.3
05/02/2025 06:15:09,894.0,24.5,32.3
05/02/2025 06:20:10,904.0,24.5,32.3
05/02/2025 06:25:09,896.0,24.5,32.3
05/02/2025 06:29:53,891.0,24.5,32.2
05/02/2025 06:34:53,899.0,24.4,32.3
05/02/2025 06:39:54,921.0,24.5,32.2
05/02/2025 06:44:53,905.0,24.4,32.3
05/02/2025 07:04:52,891.0,24.6,32.2
05/02/2025 07:06:07,918.0,24.7,32.2
05/02/2025 07:11:09,905.0,24.6,32.4
05/02/2025 07:16:09,906.0,24.6,32.4
05/02/2025 07:21:09,894.0,24.5,32.5
05/02/2025 07:26:09,913.0,24.5,32.4
05/02/2025 07:31:09,913.0,24.5,32.5
05/02/2025 07:36:09,915.0,24.8,32.3
05/02/2025 07:41:09,905.0,24.8,32.3
05/02/2025 07:46:08,912.0,24.8,32.2
05/02/2025 07:51:08,884.0,24.9,32.3
05/02/2025 07:56:08,914.0,24.8,32.4
05/02/2025 08:01:09,894.0,24.8,32.4
05/02/2025 08:04:54,920.0,24.7,32.4
05/02/2025 08:06:09,916.0,24.8,32.5
05/02/2025 08:11:09,908.0,25.0,32.4
05/02/2025 08:16:09,891.0,25.2,32.4
05/02/2025 08:21:08,879.0,25.4,32.5
05/02/2025 08:26:09,889.0,25.5,32.6
05/02/2025 08:31:07,912.0,25.6,32.7
05/02/2025 08:36:07,904.0,29.0,32.6
05/02/2025 08:41:08,903.0,28.9,32.4
05/02/2025 08:46:07,918.0,26.9,32.2
05/02/2025 08:51:08,885.0,26.4,32.2
05/02/2025 08:56:09,885.0,26.6,32.2
05/02/2025 09:01:08,887.0,26.9,32.2
05/02/2025 09:04:52,891.0,27.0,32.3
05/02/2025 09:06:08,925.0,27.0,32.2
05/02/2025 09:11:08,895.0,26.8,32.4
05/02/2025 09:16:08,886.0,27.0,32.3
05/02/2025 09:21:08,901.0,26.9,32.2
05/02/2025 09:26:08,895.0,26.9,32.2
05/02/2025 09:31:08,901.0,26.7,32.3
05/02/2025 09:36:07,914.0,26.4,32.4
05/02/2025 09:41:06,904.0,26.4,32.4
05/02/2025 09:46:06,917.0,26.3,32.5
05/02/2025 09:51:14,920.0,26.2,32.5
05/02/2025 09:56:07,895.0,26.1,32.6
05/02/2025 10:01:05,922.0,26.0,32.6
05/02/2025 10:04:50,926.0,25.9,32.7
05/02/2025 10:06:05,917.0,25.9,32.7
05/02/2025 10:11:05,882.0,25.8,32.7
05/02/2025 10:16:05,896.0,25.7,32.8
05/02/2025 10:21:04,920.0,25.6,32.8
05/02/2025 10:26:04,899.0,25.6,32.8
05/02/2025 10:31:03,908.0,25.5,33.0
05/02/2025 10:36:05,903.0,25.5,33.1
05/02/2025 10:41:04,925.0,25.3,33.2
05/02/2025 11:06:03,896.0,25.2,33.3
05/02/2025 11:11:03,893.0,25.3,33.5
05/02/2025 11:16:03,910.0,25.3,33.4
05/02/2025 11:21:02,893.0,25.2,33.5
05/02/2025 11:26:02,915.0,25.1,33.5
05/02/2025 11:31:03,891.0,25.1,33.5
05/02/2025 11:36:01,888.0,25.0,33.5
05/02/2025 11:41:00,899.0,25.0,33.5
05/02/2025 11:46:01,895.0,25.1,33.5
05/02/2025 11:51:00,908.0,24.9,33.6
05/02/2025 11:56:00,907.0,24.9,33.6
05/02/2025 12:01:01,895.0,25.0,33.6
05/02/2025 12:04:45,908.0,25.0,33.6
05/02/2025 12:06:01,909.0,25.0,33.6
05/02/2025 12:11:01,881.0,25.1,33.7
05/02/2025 12:16:00,914.0,24.8,33.8
05/02/2025 12:21:00,912.0,24.6,33.8
05/02/2025 12:25:59,930.0,24.3,33.8
05/02/2025 12:30:59,929.0,24.3,33.8
05/02/2025 12:35:58,928.0,24.2,33.8
05/02/2025 12:40:58,909.0,24.0,33.8
05/02/2025 12:45:58,919.0,24.5,33.6
05/02/2025 12:50:57,909.0,24.4,33.8
05/02/2025 12:55:57,921.0,24.3,33.9
05/02/2025 13:00:58,892.0,24.3,34.0
05/02/2025 13:05:58,900.0,24.2,34.0
05/02/2025 13:10:57,925.0,24.2,34.0
05/02/2025 13:15:58,923.0,24.3,34.0
05/02/2025 13:20:57,919.0,24.3,34.0
05/02/2025 13:25:58,909.0,24.3,33.9
05/02/2025 13:30:57,922.0,24.3,34.0
05/02/2025 13:35:59,923.0,24.2,34.1
05/02/2025 13:40:59,923.0,24.3,34.0
05/02/2025 13:45:59,916.0,24.3,34.1
05/02/2025 13:50:58,893.0,24.2,34.1
05/02/2025 13:55:58,931.0,24.2,34.1
05/02/2025 14:00:58,898.0,24.2,34.2
05/02/2025 14:05:57,894.0,24.2,34.2
05/02/2025 14:10:57,904.0,24.2,34.2
05/02/2025 14:15:57,905.0,24.2,34.1
05/02/2025 14:20:57,914.0,24.4,34.0
05/02/2025 14:25:56,905.0,24.2,34.2
05/02/2025 14:30:56,895.0,24.3,34.2
05/02/2025 14:35:56,897.0,24.4,34.2
05/02/2025 14:40:56,907.0,24.5,34.2
05/02/2025 14:45:57,908.0,24.6,34.0
05/02/2025 14:50:55,883.0,24.5,34.1
05/02/2025 14:55:56,892.0,24.6,34.1
05/02/2025 15:00:55,891.0,24.6,34.1
05/02/2025 15:05:55,890.0,24.5,34.2
05/02/2025 15:10:54,876.0,24.5,34.3
05/02/2025 15:15:54,912.0,24.5,34.2
05/02/2025 15:20:54,891.0,24.6,33.9
05/02/2025 15:25:53,892.0,24.9,33.8
05/02/2025 15:30:53,909.0,24.4,34.2
05/02/2025 15:35:53,898.0,24.4,34.2
05/02/2025 15:40:53,910.0,24.5,34.2
05/02/2025 15:45:53,891.0,24.2,34.4
05/02/2025 15:50:53,901.0,24.1,34.5
05/02/2025 15:55:52,886.0,24.3,34.4
05/02/2025 16:00:52,908.0,24.2,34.5
05/02/2025 16:05:52,907.0,24.1,34.4
05/02/2025 16:10:52,909.0,24.3,34.2
05/02/2025 16:15:51,900.0,24.3,34.2
05/02/2025 16:20:53,898.0,24.3,34.2
05/02/2025 16:25:53,901.0,24.2,34.2
05/02/2025 16:30:53,904.0,24.2,34.1
05/02/2025 16:35:52,900.0,24.4,33.9
05/02/2025 16:40:52,903.0,24.3,34.1
05/02/2025 16:45:51,891.0,24.3,33.9
05/02/2025 16:50:52,903.0,24.2,33.9
05/02/2025 16:55:51,895.0,24.4,33.9
05/02/2025 17:00:52,881.0,24.4,33.6
05/02/2025 17:05:52,879.0,24.4,33.5
05/02/2025 17:10:52,890.0,24.4,33.4
05/02/2025 17:15:52,920.0,24.4,33.4
05/02/2025 17:20:51,885.0,24.4,33.3
05/02/2025 17:25:52,892.0,24.5,33.3
05/02/2025 17:30:52,904.0,24.4,33.3
05/02/2025 17:35:52,904.0,24.4,33.4
05/02/2025 17:40:53,916.0,24.3,33.4
05/02/2025 17:45:52,882.0,24.3,33.3
05/02/2025 17:50:53,876.0,24.3,33.3
05/02/2025 17:55:53,892.0,24.3,33.3
05/02/2025 18:00:52,878.0,24.4,33.2
05/02/2025 18:05:52,889.0,24.3,33.2
05/02/2025 18:10:52,881.0,24.4,33.1
05/02/2025 18:15:51,894.0,24.4,33.1
05/02/2025 18:20:52,874.0,24.4,33.1
05/02/2025 18:25:51,901.0,24.5,33.1
05/02/2025 18:30:51,904.0,24.3,33.2
05/02/2025 18:35:51,881.0,24.4,33.2
05/02/2025 18:40:52,865.0,24.4,33.2
05/02/2025 18:45:29,875.0,24.6,33.1
05/02/2025 18:50:28,896.0,24.6,33.1
05/02/2025 18:55:28,877.0,24.7,33.1
05/02/2025 19:00:28,882.0,24.7,33.1
05/02/2025 19:05:27,877.0,24.5,33.1
05/02/2025 19:10:28,876.0,24.6,33.1
05/02/2025 19:15:27,893.0,24.5,33.1
05/02/2025 19:20:27,871.0,24.4,33.2
05/02/2025 19:25:27,863.0,24.4,33.1
05/02/2025 19:30:26,868.0,24.3,33.1
05/02/2025 19:35:26,886.0,24.3,33.1
05/02/2025 19:40:26,876.0,24.3,33.1
05/02/2025 19:45:26,882.0,24.4,33.0
05/02/2025 19:50:27,883.0,24.3,33.0
05/02/2025 19:55:25,864.0,24.4,32.9
05/02/2025 20:00:26,883.0,24.3,32.9
05/02/2025 20:05:26,890.0,24.3,33.0
05/02/2025 20:10:26,879.0,24.3,33.0
05/02/2025 20:15:26,894.0,24.4,32.8
05/02/2025 20:20:24,890.0,24.2,33.0
05/02/2025 20:25:25,894.0,24.2,32.9
05/02/2025 20:30:25,893.0,24.2,32.9
05/02/2025 20:35:24,900.0,24.1,33.0
05/02/2025 20:40:24,882.0,24.1,32.8
05/02/2025 20:45:24,886.0,24.1,32.8
05/02/2025 20:50:24,878.0,24.1,32.9
05/02/2025 20:55:24,883.0,24.0,32.9
05/02/2025 21:00:23,883.0,24.0,32.8
05/02/2025 21:05:23,878.0,23.9,32.9
05/02/2025 21:10:23,887.0,23.9,32.9
05/02/2025 21:15:23,891.0,23.9,32.9
05/02/2025 21:20:23,898.0,23.9,32.9
05/02/2025 21:25:22,886.0,23.9,32.8
05/02/2025 21:30:23,891.0,23.8,32.8
05/02/2025 21:35:23,908.0,23.8,32.8
05/02/2025 21:40:23,900.0,23.9,32.7
05/02/2025 21:45:22,891.0,24.1,32.6
05/02/2025 21:50:22,887.0,23.9,32.8
05/02/2025 21:55:21,896.0,23.8,32.8
05/02/2025 22:00:21,897.0,23.8,32.8
05/02/2025 22:05:21,887.0,23.8,32.8
05/02/2025 22:10:22,888.0,23.7,32.8
05/02/2025 22:15:22,895.0,23.8,32.7
05/02/2025 22:20:23,890.0,23.7,32.8
05/02/2025 22:25:22,884.0,23.7,32.8
05/02/2025 22:30:22,884.0,23.9,32.7
05/02/2025 22:35:22,884.0,24.0,32.6
05/02/2025 22:40:22,888.0,23.9,32.5
05/02/2025 22:45:21,885.0,24.0,32.5
05/02/2025 22:50:21,894.0,23.9,32.6
05/02/2025 22:55:21,897.0,23.8,32.7
05/02/2025 23:00:20,896.0,23.7,32.8
05/02/2025 23:05:20,892.0,23.6,32.8
05/02/2025 23:10:20,901.0,23.6,32.8
05/02/2025 23:15:20,892.0,23.6,32.8
05/02/2025 23:20:20,907.0,23.6,32.8
05/02/2025 23:25:21,893.0,23.5,32.8
05/02/2025 23:30:21,900.0,23.5,32.7
05/02/2025 23:35:21,888.0,23.6,32.7
05/02/2025 23:40:22,892.0,23.5,32.8
05/02/2025 23:45:22,897.0,23.5,32.8
05/02/2025 23:50:22,904.0,23.5,32.8
05/02/2025 23:55:22,896.0,23.6,32.7
06/02/2025 00:00:22,892.0,23.4,32.8
06/02/2025 00:05:21,904.0,23.4,32.7
06/02/2025 00:10:21,905.0,23.4,32.8
06/02/2025 00:15:22,902.0,23.4,32.7
06/02/2025 00:20:22,900.0,23.4,32.8
06/02/2025 00:25:21,910.0,23.4,32.7
06/02/2025 00:30:22,899.0,23.3,32.8
06/02/2025 00:35:22,900.0,23.3,32.7
06/02/2025 00:40:22,907.0,23.3,32.8
06/02/2025 00:45:22,913.0,23.3,32.8
06/02/2025 00:50:21,897.0,23.3,32.7
06/02/2025 00:55:21,899.0,23.3,32.7
06/02/2025 01:00:21,914.0,23.3,32.7
06/02/2025 01:05:21,901.0,23.3,32.6
06/02/2025 01:10:21,907.0,23.4,32.5
06/02/2025 01:15:20,903.0,23.4,32.5
06/02/2025 01:20:21,898.0,23.4,32.5
06/02/2025 01:25:21,900.0,23.4,32.5
06/02/2025 01:30:21,900.0,23.4,32.5
06/02/2025 01:35:21,911.0,23.4,32.4
06/02/2025 01:40:21,912.0,23.4,32.4
06/02/2025 01:45:21,904.0,23.4,32.3
06/02/2025 01:50:19,904.0,23.4,32.4
06/02/2025 01:55:20,898.0,23.4,32.3
06/02/2025 02:00:20,899.0,23.4,32.4
06/02/2025 02:05:21,905.0,23.4,32.3
06/02/2025 02:10:20,904.0,23.4,32.4
06/02/2025 02:15:20,906.0,23.3,32.3
06/02/2025 02:20:20,903.0,23.3,32.3
06/02/2025 02:25:19,909.0,23.3,32.3
06/02/2025 02:30:20,904.0,23.3,32.3
06/02/2025 02:35:19,908.0,23.3,32.3
06/02/2025 02:40:19,906.0,23.3,32.3
06/02/2025 02:45:19,905.0,23.2,32.4
06/02/2025 02:50:20,895.0,23.2,32.3
06/02/2025 02:55:18,905.0,23.2,32.3
06/02/2025 03:00:19,909.0,23.3,32.3
06/02/2025 03:05:18,914.0,23.3,32.3
06/02/2025 03:10:19,906.0,23.2,32.3
06/02/2025 03:15:19,900.0,23.2,32.3
06/02/2025 03:20:19,906.0,23.2,32.3
06/02/2025 03:25:18,910.0,23.3,32.2
06/02/2025 03:30:19,907.0,23.2,32.3
06/02/2025 03:35:20,900.0,23.3,32.1
06/02/2025 03:40:21,899.0,23.3,32.2
06/02/2025 03:45:20,901.0,23.2,32.2
06/02/2025 03:50:21,902.0,23.3,32.1
06/02/2025 03:55:21,902.0,23.3,32.1
06/02/2025 04:00:20,901.0,23.3,32.1
06/02/2025 04:05:20,909.0,23.3,32.1
06/02/2025 04:10:19,906.0,23.2,32.2
06/02/2025 04:15:19,908.0,23.2,32.1
06/02/2025 04:20:19,897.0,23.2,32.1
06/02/2025 04:25:19,903.0,23.2,32.1
06/02/2025 04:30:19,912.0,23.2,32.1
06/02/2025 04:35:19,912.0,23.2,32.0
06/02/2025 04:40:19,905.0,23.3,32.0
06/02/2025 04:45:18,916.0,23.3,32.0
06/02/2025 04:50:18,910.0,23.1,32.1
06/02/2025 04:55:18,915.0,23.1,32.1
06/02/2025 05:00:18,911.0,23.1,32.0
06/02/2025 05:05:18,911.0,23.2,32.0
06/02/2025 05:10:18,903.0,23.2,32.0
06/02/2025 05:15:18,911.0,23.2,31.9
06/02/2025 05:20:18,906.0,23.3,31.9
06/02/2025 05:25:19,903.0,23.3,31.9
06/02/2025 05:30:19,908.0,23.3,31.9
06/02/2025 05:35:19,897.0,23.2,31.9
06/02/2025 05:40:19,894.0,23.2,31.9
06/02/2025 05:45:17,910.0,23.2,31.8
06/02/2025 05:50:18,894.0,23.3,31.8
06/02/2025 05:55:18,905.0,23.3,31.8
06/02/2025 06:00:19,892.0,23.2,31.8
06/02/2025 06:05:19,901.0,23.3,31.8
06/02/2025 06:10:19,898.0,23.3,31.8
06/02/2025 06:15:20,895.0,23.3,31.8
06/02/2025 06:19:57,892.0,23.2,31.8
06/02/2025 06:24:57,890.0,23.3,31.7
06/02/2025 07:05:55,917.0,23.5,31.8
06/02/2025 07:10:54,908.0,23.3,31.9
06/02/2025 07:15:54,903.0,23.4,31.8
06/02/2025 07:20:54,889.0,23.3,31.8
06/02/2025 07:25:54,897.0,23.3,31.8
06/02/2025 07:30:54,908.0,23.3,31.8
06/02/2025 07:35:53,917.0,23.3,31.8
06/02/2025 07:40:53,903.0,23.2,31.8
06/02/2025 07:45:54,902.0,23.2,31.8
06/02/2025 07:50:53,906.0,23.2,31.9
06/02/2025 07:55:53,923.0,23.1,31.9
06/02/2025 08:00:53,898.0,23.2,32.0
06/02/2025 08:05:55,915.0,23.1,32.1
06/02/2025 08:10:53,918.0,23.0,32.2
06/02/2025 08:15:54,919.0,22.9,32.3
06/02/2025 08:20:54,914.0,22.9,32.4
06/02/2025 08:25:54,918.0,22.9,32.3
06/02/2025 08:30:53,888.0,22.9,32.4
06/02/2025 08:35:53,919.0,22.9,32.3
06/02/2025 08:41:00,885.0,22.9,32.5
06/02/2025 08:45:52,924.0,22.8,32.6
06/02/2025 08:50:52,923.0,22.7,32.6
06/02/2025 08:55:52,915.0,22.9,32.7
06/02/2025 09:00:52,895.0,22.9,32.6
06/02/2025 09:05:51,906.0,23.1,32.4
06/02/2025 09:10:51,900.0,23.2,32.4
06/02/2025 09:15:52,899.0,23.3,32.5
06/02/2025 09:20:53,897.0,23.2,32.5
06/02/2025 09:25:53,914.0,23.3,32.6
06/02/2025 09:30:55,913.0,23.3,32.7
06/02/2025 09:35:54,902.0,23.2,32.8
06/02/2025 09:40:53,882.0,23.1,32.9
06/02/2025 09:45:52,910.0,23.3,33.0
06/02/2025 09:50:54,888.0,23.4,33.3
06/02/2025 09:55:53,885.0,23.4,33.3
06/02/2025 10:00:53,892.0,23.4,33.5
06/02/2025 10:05:53,918.0,23.5,33.5
06/02/2025 10:10:53,886.0,23.6,33.6
06/02/2025 10:15:53,895.0,23.5,33.6
06/02/2025 10:20:52,915.0,23.6,33.6
06/02/2025 10:25:54,922.0,23.5,33.7
06/02/2025 10:30:53,898.0,23.5,33.9
06/02/2025 10:35:52,923.0,23.5,33.8
06/02/2025 10:40:53,900.0,23.5,33.8
06/02/2025 10:45:52,898.0,23.4,33.8
06/02/2025 10:50:52,910.0,23.4,33.8
06/02/2025 10:55:51,914.0,23.4,33.9
06/02/2025 11:00:53,886.0,23.4,33.9
06/02/2025 11:05:52,914.0,23.4,33.9
06/02/2025 11:10:53,880.0,23.4,33.9
06/02/2025 11:15:52,895.0,23.4,33.8
06/02/2025 11:20:51,913.0,23.5,33.8
06/02/2025 11:25:51,884.0,23.6,33.9
06/02/2025 11:30:52,908.0,23.6,33.9
06/02/2025 11:35:51,894.0,23.6,33.9
06/02/2025 11:40:50,901.0,23.6,33.9
06/02/2025 11:45:50,921.0,23.4,34.1
06/02/2025 11:50:50,880.0,23.5,34.0
06/02/2025 11:55:50,906.0,23.5,34.0
06/02/2025 12:00:50,900.0,23.5,33.9
06/02/2025 12:05:50,881.0,23.6,34.0
06/02/2025 12:10:51,908.0,23.6,33.9
06/02/2025 12:15:50,916.0,23.5,33.9
06/02/2025 12:20:51,909.0,23.6,33.8
06/02/2025 12:25:52,887.0,23.5,33.9
06/02/2025 12:30:51,914.0,23.5,33.9
06/02/2025 12:35:51,912.0,23.5,33.9
06/02/2025 12:40:51,896.0,23.3,34.1
06/02/2025 12:45:51,909.0,23.2,34.2
06/02/2025 12:50:51,891.0,23.4,34.2
06/02/2025 12:55:50,918.0,23.3,34.2
06/02/2025 13:00:50,897.0,23.4,34.1
06/02/2025 13:05:50,898.0,23.3,34.2
06/02/2025 13:10:49,894.0,23.1,34.4
06/02/2025 13:15:49,882.0,23.1,34.3
06/02/2025 13:20:49,889.0,23.1,34.4
06/02/2025 13:25:49,879.0,23.1,34.4
06/02/2025 13:30:49,916.0,23.1,34.3
06/02/2025 13:35:48,897.0,23.2,34.3
06/02/2025 13:40:47,880.0,23.2,34.3
06/02/2025 13:45:47,922.0,23.3,34.2
06/02/2025 13:50:47,919.0,23.3,34.2
06/02/2025 13:55:48,920.0,23.1,34.5
06/02/2025 14:00:47,893.0,23.1,34.5
06/02/2025 14:05:47,909.0,23.1,34.4
06/02/2025 14:10:46,903.0,23.1,34.4
06/02/2025 14:15:46,882.0,23.1,34.4
06/02/2025 14:20:46,918.0,23.2,34.3
06/02/2025 14:25:46,915.0,23.0,34.5
06/02/2025 14:30:46,891.0,22.9,34.5
06/02/2025 14:35:46,897.0,22.9,34.5
06/02/2025 14:40:46,914.0,22.9,34.4
06/02/2025 14:45:46,904.0,22.9,34.4
06/02/2025 14:50:46,891.0,22.8,34.4
06/02/2025 14:55:47,888.0,22.8,34.4
06/02/2025 15:00:46,899.0,22.7,34.5
06/02/2025 15:05:46,882.0,22.7,34.4
06/02/2025 15:10:46,883.0,22.8,34.3
06/02/2025 15:15:46,890.0,22.8,34.2
06/02/2025 15:20:45,889.0,22.9,34.2
06/02/2025 15:25:45,913.0,22.7,34.3
06/02/2025 15:30:46,896.0,22.6,34.3
06/02/2025 15:35:46,902.0,22.6,34.3
06/02/2025 15:40:45,880.0,22.6,34.3
06/02/2025 15:45:46,911.0,22.6,34.3
06/02/2025 15:50:46,882.0,22.6,34.3
06/02/2025 15:55:45,907.0,22.7,34.2
06/02/2025 16:00:45,905.0,22.7,34.1
06/02/2025 16:05:46,915.0,22.7,34.1
06/02/2025 16:10:45,910.0,22.7,34.1
06/02/2025 16:15:45,895.0,22.7,34.1
06/02/2025 16:20:45,888.0,22.8,34.1
06/02/2025 16:25:45,878.0,22.9,34.1
06/02/2025 16:30:46,890.0,22.8,34.3
06/02/2025 16:35:44,901.0,22.9,34.1
06/02/2025 16:40:44,894.0,23.3,34.0
06/02/2025 16:45:44,900.0,23.4,34.0
06/02/2025 16:50:44,898.0,23.5,34.0
06/02/2025 16:55:45,884.0,23.6,34.0
06/02/2025 17:00:45,897.0,23.7,34.1
06/02/2025 17:05:45,881.0,23.5,34.3
06/02/2025 17:10:44,911.0,23.5,34.2
06/02/2025 17:15:44,891.0,23.4,34.2
06/02/2025 17:20:44,896.0,23.4,34.2
06/02/2025 17:25:44,882.0,23.4,34.2
06/02/2025 17:30:43,895.0,23.5,34.0
06/02/2025 17:35:44,890.0,23.5,33.8
06/02/2025 17:40:43,902.0,23.6,33.8
06/02/2025 17:45:43,895.0,23.5,33.8
06/02/2025 17:50:44,880.0,23.4,33.8
06/02/2025 17:55:43,898.0,23.4,33.9
06/02/2025 18:00:44,902.0,23.3,33.9
06/02/2025 18:05:43,898.0,23.3,33.8
06/02/2025 18:10:43,889.0,23.3,33.8
06/02/2025 18:15:44,878.0,23.4,33.7
06/02/2025 18:20:43,869.0,23.3,33.7
06/02/2025 18:25:44,867.0,23.4,33.7
06/02/2025 18:30:21,895.0,23.4,33.6
06/02/2025 18:35:21,884.0,23.4,33.7
06/02/2025 18:40:20,890.0,23.4,33.7
06/02/2025 18:45:21,875.0,23.4,33.6
06/02/2025 18:50:21,876.0,23.5,33.6
06/02/2025 18:55:20,872.0,23.5,33.5
06/02/2025 19:00:20,883.0,23.4,33.6
06/02/2025 19:05:21,877.0,23.4,33.5
06/02/2025 19:10:21,875.0,23.5,33.5
06/02/2025 19:15:22,899.0,23.5,33.5
06/02/2025 19:20:21,874.0,23.5,33.4
06/02/2025 19:25:21,875.0,23.5,33.4
06/02/2025 19:30:21,876.0,23.5,33.3
06/02/2025 19:35:21,873.0,23.4,33.4
06/02/2025 19:40:21,872.0,23.5,33.3
06/02/2025 19:45:21,890.0,23.6,33.2
06/02/2025 19:50:21,874.0,23.5,33.3
06/02/2025 19:55:20,880.0,23.5,33.2
06/02/2025 20:00:20,874.0,23.6,33.2
06/02/2025 20:05:20,879.0,23.5,33.2
06/02/2025 20:10:20,876.0,23.4,33.3
06/02/2025 20:15:20,878.0,23.4,33.2
06/02/2025 20:20:20,873.0,23.4,33.2
06/02/2025 20:25:21,873.0,23.5,33.2
06/02/2025 20:30:20,871.0,23.4,33.2
06/02/2025 20:35:20,870.0,23.5,33.2
06/02/2025 20:40:20,900.0,23.5,33.1
06/02/2025 20:45:20,886.0,23.5,33.2
06/02/2025 20:50:20,888.0,23.5,33.1
06/02/2025 20:55:20,878.0,23.5,33.1
06/02/2025 21:00:20,880.0,23.5,33.1
06/02/2025 21:05:19,865.0,23.4,33.1
06/02/2025 21:10:19,876.0,23.5,33.0
06/02/2025 21:15:20,872.0,23.5,33.0
06/02/2025 21:20:20,876.0,23.6,32.9
06/02/2025 21:25:20,878.0,23.5,32.9
06/02/2025 21:30:19,880.0,23.5,33.0
06/02/2025 21:35:19,876.0,23.5,33.0
06/02/2025 21:40:19,879.0,23.5,32.9
06/02/2025 21:45:19,872.0,23.5,33.0
06/02/2025 21:50:18,877.0,23.5,32.9
06/02/2025 21:55:18,887.0,23.5,32.9
06/02/2025 22:00:18,885.0,23.5,33.0
06/02/2025 22:05:18,904.0,23.5,32.9
06/02/2025 22:10:17,882.0,23.5,33.0
06/02/2025 22:15:17,881.0,23.5,32.9
06/02/2025 22:20:17,891.0,23.5,32.9
06/02/2025 22:25:17,874.0,23.4,33.0
06/02/2025 22:30:17,883.0,23.4,33.0
06/02/2025 22:35:17,887.0,23.4,32.9
06/02/2025 22:40:17,888.0,23.4,33.0
06/02/2025 22:45:17,877.0,23.4,33.0
06/02/2025 22:50:17,893.0,23.3,33.0
06/02/2025 22:55:16,880.0,23.3,33.0
06/02/2025 23:00:16,895.0,23.3,33.0
06/02/2025 23:05:16,886.0,23.4,33.0
06/02/2025 23:10:16,896.0,23.3,33.0
06/02/2025 23:15:16,889.0,23.3,33.0
06/02/2025 23:20:16,898.0,23.5,32.8
06/02/2025 23:25:17,901.0,23.3,33.0
06/02/2025 23:30:17,902.0,23.3,33.0
06/02/2025 23:35:18,891.0,23.3,33.0
06/02/2025 23:40:17,889.0,23.3,33.0
06/02/2025 23:45:17,892.0,23.2,33.0
06/02/2025 23:50:18,895.0,23.2,33.0
06/02/2025 23:55:17,907.0,23.3,33.0
07/02/2025 00:00:18,910.0,23.3,32.9
07/02/2025 00:05:18,905.0,23.2,33.1
07/02/2025 00:10:19,889.0,23.2,33.0
07/02/2025 00:15:18,898.0,23.2,33.0
07/02/2025 00:20:17,906.0,23.2,33.0
07/02/2025 00:25:17,899.0,23.1,33.1
07/02/2025 00:30:17,907.0,23.1,33.1
07/02/2025 00:35:17,906.0,23.3,32.9
07/02/2025 00:40:17,908.0,23.4,32.8
07/02/2025 00:45:17,897.0,23.4,32.7
07/02/2025 00:50:17,900.0,23.4,32.7
07/02/2025 00:55:16,900.0,23.3,32.9
07/02/2025 01:00:16,897.0,23.3,32.9
07/02/2025 01:05:15,912.0,23.3,32.8
07/02/2025 01:10:15,898.0,23.3,32.9
07/02/2025 01:15:16,899.0,23.3,32.9
07/02/2025 01:20:16,900.0,23.3,32.9
07/02/2025 01:25:16,898.0,23.2,32.9
07/02/2025 01:30:15,904.0,23.3,32.8
07/02/2025 01:35:15,902.0,23.3,32.8
07/02/2025 01:40:15,906.0,23.3,32.8
07/02/2025 01:45:15,907.0,23.3,32.8
07/02/2025 01:50:15,904.0,23.3,32.8
07/02/2025 01:55:14,897.0,23.2,32.8
07/02/2025 02:00:14,897.0,23.2,32.8
07/02/2025 02:05:14,912.0,23.3,32.7
07/02/2025 02:09:59,902.0,23.4,32.7
07/02/2025 02:14:59,906.0,23.4,32.7
07/02/2025 02:19:59,908.0,23.5,32.6
07/02/2025 02:24:58,898.0,23.5,32.6
07/02/2025 02:45:15,912.0,23.4,32.6
07/02/2025 02:50:15,908.0,23.3,32.7
07/02/2025 02:55:16,915.0,23.3,32.6
07/02/2025 03:00:15,901.0,23.3,32.6
07/02/2025 03:05:15,910.0,23.3,32.7
07/02/2025 03:10:15,916.0,23.4,32.5
07/02/2025 03:15:15,905.0,23.3,32.6
07/02/2025 03:20:16,909.0,23.3,32.6
07/02/2025 03:25:15,909.0,23.4,32.5
07/02/2025 03:30:15,910.0,23.4,32.6
07/02/2025 03:35:14,903.0,23.4,32.4
07/02/2025 03:40:15,906.0,23.5,32.4
07/02/2025 03:45:15,900.0,23.3,32.5
07/02/2025 03:50:15,909.0,23.4,32.4
07/02/2025 03:55:16,904.0,23.5,32.3
07/02/2025 04:00:16,905.0,23.5,32.3
07/02/2025 04:05:16,898.0,23.5,32.2
07/02/2025 04:10:15,905.0,23.5,32.3
07/02/2025 04:15:15,907.0,23.4,32.4
07/02/2025 04:20:14,914.0,23.4,32.4
07/02/2025 04:25:14,911.0,23.4,32.3
07/02/2025 04:29:59,905.0,23.4,32.3
07/02/2025 04:34:59,900.0,23.4,32.3
07/02/2025 04:39:59,896.0,23.4,32.3
07/02/2025 04:44:58,911.0,23.3,32.4
07/02/2025 05:04:58,902.0,23.3,32.2
07/02/2025 05:06:13,903.0,23.4,32.2
07/02/2025 05:11:13,905.0,23.3,32.3
07/02/2025 05:16:13,904.0,23.3,32.3
07/02/2025 05:21:13,902.0,23.2,32.3
07/02/2025 06:05:48,913.0,23.2,32.1
07/02/2025 06:10:48,905.0,23.2,32.1
07/02/2025 06:15:48,895.0,23.2,32.1
07/02/2025 06:20:48,904.0,23.2,32.1
07/02/2025 06:25:47,900.0,23.1,32.1
07/02/2025 06:30:47,899.0,23.2,32.1
07/02/2025 06:35:46,898.0,23.1,32.1
07/02/2025 06:40:47,899.0,23.1,32.1
07/02/2025 06:45:46,901.0,23.2,32.0
07/02/2025 06:50:46,900.0,23.2,32.0
07/02/2025 06:55:46,898.0,23.2,32.0
07/02/2025 07:00:45,901.0,23.2,32.0
07/02/2025 07:05:45,906.0,23.3,31.9
07/02/2025 07:10:45,895.0,23.2,32.0
07/02/2025 07:15:46,904.0,23.2,31.9
07/02/2025 07:20:46,913.0,23.2,31.9
07/02/2025 07:25:47,911.0,23.2,31.9
07/02/2025 07:30:47,904.0,23.2,31.9
07/02/2025 07:35:45,926.0,23.3,31.8
07/02/2025 07:40:45,916.0,23.3,31.8
07/02/2025 07:45:44,918.0,23.3,31.8
07/02/2025 07:50:44,892.0,23.2,31.9
07/02/2025 07:55:44,892.0,23.2,31.8
07/02/2025 08:00:44,886.0,23.3,31.8
07/02/2025 08:05:44,908.0,23.3,31.7
07/02/2025 08:10:44,897.0,23.3,31.8
07/02/2025 08:15:44,917.0,23.4,31.7
07/02/2025 08:20:43,892.0,23.3,31.7
07/02/2025 08:25:45,903.0,23.3,31.7
07/02/2025 08:30:45,979.0,23.4,31.7
07/02/2025 08:35:44,889.0,23.4,31.7
07/02/2025 08:40:45,885.0,23.3,31.7
07/02/2025 08:45:44,888.0,23.3,31.8
07/02/2025 08:50:45,917.0,23.2,31.9
07/02/2025 08:55:45,892.0,23.1,32.0
07/02/2025 09:00:44,914.0,23.1,32.0
07/02/2025 09:05:45,889.0,23.2,31.9
07/02/2025 09:10:45,886.0,23.2,32.0
07/02/2025 09:15:45,910.0,23.1,32.1
07/02/2025 09:20:45,902.0,23.1,32.1
07/02/2025 09:25:44,902.0,23.1,32.2
07/02/2025 09:30:44,884.0,23.0,32.3
07/02/2025 09:35:43,903.0,23.0,32.3
07/02/2025 09:40:43,913.0,23.2,32.2
07/02/2025 09:45:43,918.0,23.2,32.3
07/02/2025 09:50:43,892.0,23.3,32.2
07/02/2025 09:55:43,929.0,23.2,32.3
07/02/2025 10:00:42,921.0,23.2,32.3
07/02/2025 10:05:42,947.0,23.3,32.2
07/02/2025 10:10:43,916.0,23.4,32.3
07/02/2025 10:15:44,877.0,23.4,32.3
07/02/2025 10:20:42,893.0,23.4,32.3
07/02/2025 10:25:43,907.0,23.7,32.3
07/02/2025 10:30:44,919.0,24.0,32.3
07/02/2025 10:35:44,919.0,24.0,32.4
07/02/2025 10:40:44,888.0,24.0,32.4
07/02/2025 10:45:44,900.0,24.0,32.4
07/02/2025 10:50:44,921.0,23.9,32.5
07/02/2025 10:55:44,920.0,23.9,32.6
07/02/2025 11:00:44,879.0,24.0,32.6
07/02/2025 11:05:44,916.0,23.9,32.6
07/02/2025 11:10:44,913.0,23.9,32.6
07/02/2025 11:15:43,884.0,24.0,32.6
07/02/2025 11:20:44,892.0,24.1,32.5
07/02/2025 11:25:43,908.0,24.0,32.5
07/02/2025 11:30:44,915.0,24.2,32.4
07/02/2025 11:35:43,887.0,24.2,32.4
07/02/2025 11:40:44,907.0,24.3,32.3
07/02/2025 11:45:44,903.0,24.4,32.3
07/02/2025 11:50:42,907.0,24.4,32.3
07/02/2025 11:55:42,896.0,24.5,32.2
07/02/2025 12:00:42,907.0,24.5,32.3
07/02/2025 12:05:42,887.0,24.4,32.4
07/02/2025 12:10:43,896.0,24.4,32.4
07/02/2025 12:15:43,925.0,24.3,32.5
07/02/2025 12:20:43,891.0,24.3,32.5
07/02/2025 12:25:42,905.0,24.3,32.5
07/02/2025 12:30:42,900.0,24.2,32.6
07/02/2025 12:35:42,888.0,24.1,32.6
07/02/2025 12:40:41,911.0,24.1,32.7
07/02/2025 12:45:41,897.0,24.0,32.9
07/02/2025 12:50:41,908.0,24.1,32.8
07/02/2025 12:55:41,897.0,24.1,32.9
07/02/2025 13:00:41,910.0,24.0,32.9
07/02/2025 13:05:40,903.0,24.0,32.8
07/02/2025 13:10:40,920.0,23.9,32.9
07/02/2025 13:15:41,900.0,23.9,32.9
07/02/2025 13:20:39,919.0,23.8,32.9
07/02/2025 13:25:40,898.0,23.9,32.9
07/02/2025 13:30:39,914.0,23.8,33.0
07/02/2025 13:35:39,895.0,24.0,32.9
07/02/2025 13:40:41,894.0,24.0,33.0
07/02/2025 13:45:40,890.0,24.1,33.0
07/02/2025 13:50:39,885.0,24.2,32.9
07/02/2025 13:55:39,889.0,24.3,32.9
07/02/2025 14:00:39,895.0,24.3,32.9
07/02/2025 14:05:41,934.0,24.3,32.9
07/02/2025 14:10:38,929.0,24.3,32.9
07/02/2025 14:15:38,882.0,24.3,33.0
07/02/2025 14:20:39,888.0,24.3,32.9
07/02/2025 14:25:40,894.0,24.3,33.0
07/02/2025 14:30:41,925.0,24.2,33.1
07/02/2025 14:35:41,931.0,24.2,33.2
07/02/2025 14:40:41,918.0,24.1,33.2
07/02/2025 14:45:40,910.0,24.1,33.2
07/02/2025 14:50:39,892.0,24.1,33.3
07/02/2025 14:55:40,908.0,24.0,33.4
07/02/2025 15:00:40,909.0,23.8,33.6
07/02/2025 15:05:40,887.0,23.8,33.6
07/02/2025 15:10:40,934.0,23.8,33.6
07/02/2025 15:15:40,882.0,23.8,33.6
07/02/2025 15:20:40,904.0,23.8,33.5
07/02/2025 15:25:40,909.0,23.9,33.5
07/02/2025 15:30:41,922.0,24.0,33.5
07/02/2025 15:35:41,885.0,24.1,33.4
07/02/2025 15:40:40,890.0,24.2,33.3
07/02/2025 15:45:40,880.0,24.1,33.3
07/02/2025 15:50:39,920.0,24.1,33.2
07/02/2025 15:55:39,909.0,24.0,33.2
07/02/2025 16:00:39,892.0,24.1,33.2
07/02/2025 16:05:39,894.0,24.2,33.2
07/02/2025 16:10:38,913.0,24.4,33.1
07/02/2025 16:15:38,921.0,24.4,33.2
07/02/2025 16:20:40,894.0,24.4,33.2
07/02/2025 16:25:39,894.0,24.5,33.2
07/02/2025 16:30:38,891.0,24.5,33.1
07/02/2025 16:35:39,910.0,24.5,33.2
07/02/2025 16:40:39,904.0,24.6,33.1
07/02/2025 16:45:40,902.0,24.6,33.1
07/02/2025 16:50:17,900.0,24.7,33.1
07/02/2025 16:55:17,897.0,24.5,33.3
07/02/2025 17:00:16,906.0,24.6,33.2
07/02/2025 17:05:16,890.0,24.6,33.2
07/02/2025 17:10:17,915.0,24.5,33.3
07/02/2025 17:15:16,907.0,24.5,33.3
07/02/2025 17:20:16,909.0,24.4,33.3
07/02/2025 17:25:16,902.0,24.5,33.3
07/02/2025 17:30:16,889.0,24.6,33.1
07/02/2025 17:35:16,900.0,24.6,33.1
07/02/2025 17:40:15,889.0,24.7,33.0
07/02/2025 17:45:16,901.0,24.8,33.0
07/02/2025 17:50:16,892.0,24.8,33.0
07/02/2025 17:55:16,885.0,24.8,33.1
07/02/2025 18:00:15,903.0,24.7,33.1
07/02/2025 18:05:15,907.0,24.7,33.1
07/02/2025 18:10:16,887.0,24.7,33.1
07/02/2025 18:15:15,877.0,24.5,33.3
07/02/2025 18:20:15,877.0,24.7,33.1
07/02/2025 18:25:15,894.0,24.7,33.0
07/02/2025 18:30:14,904.0,24.8,33.0
07/02/2025 18:35:14,897.0,24.7,33.1
07/02/2025 18:40:15,878.0,24.7,33.1
07/02/2025 18:45:14,894.0,24.6,33.1
07/02/2025 18:49:59,884.0,24.7,33.1
07/02/2025 18:54:59,881.0,24.6,33.1
07/02/2025 18:59:59,887.0,24.7,33.0
07/02/2025 19:04:59,881.0,24.8,33.1
07/02/2025 19:09:59,892.0,24.8,33.1
07/02/2025 19:14:59,878.0,24.8,33.1
07/02/2025 19:19:58,881.0,24.9,32.9
07/02/2025 19:24:58,876.0,24.9,33.0
07/02/2025 19:44:58,881.0,24.9,32.8
07/02/2025 20:04:59,883.0,24.9,32.6
07/02/2025 20:10:00,884.0,24.9,32.6
07/02/2025 20:14:59,879.0,24.9,32.6
07/02/2025 20:19:59,878.0,24.9,32.5
07/02/2025 20:24:58,876.0,24.9,32.5
07/02/2025 20:44:58,881.0,24.8,32.5
07/02/2025 21:04:57,877.0,24.8,32.5
07/02/2025 21:06:13,875.0,24.8,32.5
07/02/2025 21:11:12,880.0,24.8,32.5
07/02/2025 21:16:12,875.0,24.8,32.5
07/02/2025 21:21:13,922.0,24.7,32.5
07/02/2025 21:26:13,879.0,24.7,32.4
07/02/2025 21:31:15,872.0,24.8,32.4
07/02/2025 21:36:15,877.0,24.8,32.4
07/02/2025 21:41:14,886.0,24.8,32.4
07/02/2025 22:05:14,886.0,24.8,32.4
07/02/2025 22:09:59,886.0,24.8,32.3
07/02/2025 22:14:59,885.0,24.8,32.4
07/02/2025 22:20:00,881.0,24.8,32.4
07/02/2025 22:24:59,878.0,24.8,32.4
07/02/2025 22:45:00,893.0,24.9,32.3
07/02/2025 22:49:59,890.0,24.9,32.3
07/02/2025 22:54:59,896.0,24.8,32.4
07/02/2025 22:59:59,897.0,25.0,32.3
07/02/2025 23:05:14,883.0,24.9,32.3
07/02/2025 23:09:59,908.0,25.0,32.3
07/02/2025 23:14:59,897.0,24.9,32.3
07/02/2025 23:19:59,888.0,25.0,32.3
07/02/2025 23:24:59,903.0,25.1,32.2
07/02/2025 23:29:59,899.0,25.0,32.3
07/02/2025 23:34:59,896.0,25.0,32.3
07/02/2025 23:39:58,903.0,25.0,32.3
07/02/2025 23:44:58,887.0,25.1,32.2
08/02/2025 00:04:58,897.0,24.9,32.3
08/02/2025 00:06:13,892.0,24.9,32.3
08/02/2025 00:11:13,886.0,24.9,32.3
08/02/2025 00:16:12,887.0,24.9,32.3
08/02/2025 00:21:13,889.0,24.9,32.3
08/02/2025 00:26:13,900.0,24.9,32.3
08/02/2025 00:31:13,908.0,24.9,32.3
08/02/2025 00:36:12,889.0,25.0,32.2
08/02/2025 00:41:12,901.0,25.0,32.2
08/02/2025 00:46:12,939.0,25.1,32.2
08/02/2025 00:51:13,943.0,25.0,32.2
08/02/2025 00:56:12,906.0,25.0,32.2
08/02/2025 01:01:11,915.0,24.9,32.2
08/02/2025 01:04:57,925.0,25.0,32.2
08/02/2025 01:06:11,909.0,25.0,32.2
08/02/2025 01:11:13,907.0,25.0,32.2
08/02/2025 01:16:12,889.0,25.1,32.2
08/02/2025 01:21:12,900.0,25.0,32.2
08/02/2025 01:26:12,903.0,25.1,32.1
08/02/2025 01:31:13,900.0,25.1,32.1
08/02/2025 01:35:49,895.0,25.2,32.0
08/02/2025 01:40:48,904.0,25.1,32.1
08/02/2025 01:45:48,893.0,25.1,32.1
08/02/2025 01:50:48,893.0,25.1,32.1
08/02/2025 01:55:48,902.0,25.1,32.1
08/02/2025 02:00:47,911.0,25.1,32.1
08/02/2025 02:05:48,901.0,25.1,32.1
08/02/2025 02:10:48,913.0,25.2,32.1
08/02/2025 02:15:49,897.0,25.2,32.1
08/02/2025 02:20:49,895.0,25.2,32.1
08/02/2025 02:25:50,907.0,25.2,32.0
08/02/2025 02:30:49,894.0,25.2,32.1
08/02/2025 02:35:51,901.0,25.2,32.0
08/02/2025 02:40:51,899.0,25.2,32.0
08/02/2025 02:45:51,894.0,25.2,32.1
08/02/2025 02:50:51,904.0,25.2,32.1
08/02/2025 02:55:50,901.0,25.2,32.0
08/02/2025 03:00:50,896.0,25.2,32.1
08/02/2025 03:05:50,901.0,25.3,32.0
08/02/2025 03:10:50,903.0,25.2,32.1
08/02/2025 03:15:50,907.0,25.2,32.1
08/02/2025 03:20:50,911.0,25.1,32.1
08/02/2025 03:25:50,900.0,25.2,32.0
08/02/2025 03:30:49,910.0,25.3,32.0
08/02/2025 03:35:49,915.0,25.3,32.0
08/02/2025 03:40:49,896.0,25.2,32.0
08/02/2025 03:45:49,899.0,25.3,32.0
08/02/2025 03:50:49,907.0,25.2,32.0
08/02/2025 03:55:49,894.0,25.3,32.0
08/02/2025 04:00:48,898.0,25.2,32.1
08/02/2025 04:05:48,900.0,25.2,32.0
08/02/2025 04:10:48,903.0,25.2,32.1
08/02/2025 04:15:48,905.0,25.2,32.0
08/02/2025 04:20:48,905.0,25.3,31.9
08/02/2025 04:25:48,911.0,25.3,31.9
08/02/2025 04:30:49,900.0,25.3,31.9
08/02/2025 04:35:48,899.0,25.3,32.0
08/02/2025 04:40:48,916.0,25.3,32.0
08/02/2025 04:45:48,905.0,25.2,32.0
08/02/2025 04:50:48,901.0,25.2,32.0
08/02/2025 04:55:48,897.0,25.2,32.0
08/02/2025 05:00:48,903.0,25.2,32.0
08/02/2025 05:05:48,897.0,25.3,31.9
08/02/2025 05:10:47,892.0,25.3,31.9
08/02/2025 05:15:47,905.0,25.3,31.9
08/02/2025 05:20:47,903.0,25.3,31.9
08/02/2025 05:25:47,908.0,25.2,32.0
08/02/2025 05:30:46,906.0,25.2,32.0
08/02/2025 05:35:46,893.0,25.2,32.0
08/02/2025 05:40:46,897.0,25.2,31.9
08/02/2025 05:45:45,903.0,25.3,31.9
08/02/2025 05:50:45,904.0,25.1,32.0
08/02/2025 05:55:45,905.0,25.2,31.9
08/02/2025 06:00:45,896.0,25.2,32.0
08/02/2025 06:05:45,896.0,25.2,32.0
08/02/2025 06:10:44,896.0,25.1,32.0
08/02/2025 06:15:44,916.0,25.2,31.9
08/02/2025 06:20:44,897.0,25.2,31.9
08/02/2025 06:25:44,896.0,25.2,31.9
08/02/2025 06:30:44,895.0,25.3,31.9
08/02/2025 06:35:44,894.0,25.2,31.9
08/02/2025 06:40:44,896.0,25.2,31.9
08/02/2025 06:45:45,890.0,25.2,31.9
08/02/2025 06:50:44,890.0,25.2,31.9
08/02/2025 06:55:44,893.0,25.1,32.0
08/02/2025 07:00:44,892.0,25.1,32.0
08/02/2025 07:05:44,894.0,25.1,32.0
08/02/2025 07:10:45,895.0,25.1,32.0
08/02/2025 07:15:45,892.0,25.1,32.0
08/02/2025 07:20:45,891.0,25.1,32.0
08/02/2025 07:25:45,894.0,25.1,32.0
08/02/2025 07:30:45,887.0,25.0,32.0
08/02/2025 07:35:44,887.0,25.0,32.0
08/02/2025 07:40:44,892.0,25.0,32.1
08/02/2025 07:45:44,893.0,25.0,32.0
08/02/2025 07:50:45,894.0,25.1,31.9
08/02/2025 07:55:43,885.0,25.2,31.9
08/02/2025 08:00:44,899.0,25.2,31.9
08/02/2025 08:05:43,894.0,25.1,32.0
08/02/2025 08:10:43,888.0,25.2,31.8
08/02/2025 08:15:43,888.0,25.2,31.8
08/02/2025 08:20:42,903.0,25.2,31.8
08/02/2025 08:25:43,888.0,25.2,31.8
08/02/2025 08:30:43,888.0,25.2,31.8
08/02/2025 08:35:44,913.0,25.3,31.8
08/02/2025 08:40:44,912.0,25.3,31.8
08/02/2025 08:45:43,898.0,25.2,31.8
08/02/2025 08:50:44,894.0,25.2,31.8
08/02/2025 08:55:43,893.0,25.3,31.8
08/02/2025 09:00:43,899.0,25.4,31.7
08/02/2025 09:05:43,906.0,25.3,31.7
08/02/2025 09:10:44,904.0,25.3,31.8
08/02/2025 09:15:44,885.0,25.2,31.9
08/02/2025 09:20:45,920.0,25.2,31.8
08/02/2025 09:25:44,901.0,25.3,31.8
08/02/2025 09:30:45,903.0,25.1,31.9
08/02/2025 09:35:45,897.0,25.0,32.0
08/02/2025 09:40:45,906.0,24.9,32.1
08/02/2025 09:45:45,891.0,25.0,32.1
08/02/2025 09:50:44,887.0,24.9,32.1
08/02/2025 09:55:45,881.0,25.0,32.0
08/02/2025 10:00:45,882.0,25.0,32.0
08/02/2025 10:05:45,898.0,25.0,32.0
08/02/2025 10:10:44,888.0,24.8,32.1
08/02/2025 10:15:44,888.0,24.8,32.2
08/02/2025 10:20:44,924.0,24.9,32.1
08/02/2025 10:25:44,893.0,25.0,32.0
08/02/2025 10:30:44,896.0,25.1,32.1
08/02/2025 10:35:43,891.0,24.9,32.2
08/02/2025 10:40:43,920.0,24.8,32.5
08/02/2025 10:45:43,877.0,24.6,32.7
08/02/2025 10:50:43,915.0,24.5,32.9
08/02/2025 10:55:42,906.0,24.6,32.8
08/02/2025 11:00:41,906.0,24.7,32.7
08/02/2025 11:05:42,899.0,24.9,32.6
08/02/2025 11:10:42,893.0,24.8,32.8
08/02/2025 11:15:43,902.0,24.8,32.7
08/02/2025 11:20:41,905.0,25.0,32.5
08/02/2025 11:25:42,921.0,25.2,32.4
08/02/2025 11:30:40,894.0,25.2,32.5
08/02/2025 11:35:41,894.0,25.5,32.1
08/02/2025 11:40:40,901.0,25.6,32.1
08/02/2025 11:45:40,885.0,25.6,32.2
08/02/2025 11:50:39,916.0,25.5,32.1
08/02/2025 11:55:39,905.0,25.7,32.0
08/02/2025 12:00:40,909.0,25.6,32.1
08/02/2025 12:05:39,897.0,25.6,32.1
08/02/2025 12:10:39,885.0,25.6,32.1
08/02/2025 12:15:39,932.0,25.3,32.2
08/02/2025 12:20:40,897.0,25.4,32.2
08/02/2025 12:25:39,911.0,25.5,32.1
08/02/2025 12:30:39,891.0,25.5,32.1
08/02/2025 12:35:39,893.0,25.4,32.2
08/02/2025 12:40:39,903.0,25.4,32.1
08/02/2025 12:45:39,879.0,25.3,32.2
08/02/2025 12:50:38,923.0,25.4,32.2
08/02/2025 12:55:37,911.0,25.4,32.2
08/02/2025 13:00:37,905.0,25.3,32.1
08/02/2025 13:05:37,924.0,25.4,32.1
08/02/2025 13:10:37,914.0,25.3,32.2
08/02/2025 13:15:37,892.0,25.4,32.2
08/02/2025 13:20:38,896.0,25.3,32.2
08/02/2025 13:25:37,909.0,25.4,32.1
08/02/2025 13:30:37,890.0,25.3,32.2
08/02/2025 13:35:38,891.0,25.3,32.2
08/02/2025 13:40:16,878.0,25.2,32.3
08/02/2025 13:45:15,891.0,25.3,32.2
08/02/2025 13:50:15,909.0,25.3,32.1
08/02/2025 13:55:14,894.0,25.3,32.2
08/02/2025 14:00:14,907.0,25.2,32.2
08/02/2025 14:05:16,880.0,25.3,32.1
08/02/2025 14:10:15,919.0,25.3,32.1
08/02/2025 14:15:16,893.0,25.2,32.2
08/02/2025 14:20:16,877.0,25.2,32.2
08/02/2025 14:25:16,896.0,25.1,32.2
08/02/2025 14:30:16,892.0,25.1,32.2
08/02/2025 14:35:15,887.0,25.1,32.3
08/02/2025 14:40:15,893.0,25.1,32.2
08/02/2025 14:45:15,924.0,25.1,32.2
08/02/2025 14:50:14,889.0,25.1,32.2
08/02/2025 14:55:14,918.0,25.1,32.1
08/02/2025 15:00:15,895.0,25.1,32.1
08/02/2025 15:05:14,895.0,25.1,32.1
08/02/2025 15:09:59,886.0,25.1,32.2
08/02/2025 15:14:59,888.0,24.9,32.2
08/02/2025 15:19:59,890.0,24.9,32.2
08/02/2025 15:24:59,904.0,24.8,32.3
08/02/2025 15:29:58,908.0,24.9,32.2
08/02/2025 15:34:59,922.0,24.9,32.2
08/02/2025 15:39:58,895.0,24.8,32.3
08/02/2025 15:44:58,885.0,24.6,32.5
08/02/2025 16:04:58,884.0,24.4,32.7
08/02/2025 16:06:13,878.0,24.3,32.7
08/02/2025 16:11:13,877.0,24.2,32.9
08/02/2025 16:16:12,874.0,23.9,33.1
08/02/2025 16:21:12,884.0,24.0,33.0
08/02/2025 16:26:12,889.0,23.8,33.2
08/02/2025 16:31:12,889.0,23.6,33.3
08/02/2025 16:36:11,880.0,23.6,33.4
08/02/2025 16:41:12,884.0,23.5,33.4
08/02/2025 16:46:10,897.0,23.4,33.5
08/02/2025 16:51:12,893.0,23.5,33.4
08/02/2025 16:56:11,894.0,23.5,33.3
08/02/2025 17:01:10,891.0,23.6,33.2
08/02/2025 17:04:55,883.0,23.8,33.0
08/02/2025 17:06:10,903.0,23.8,33.0
08/02/2025 17:11:11,904.0,23.8,33.0
08/02/2025 17:16:10,889.0,23.8,33.0
08/02/2025 17:21:10,882.0,23.8,32.9
08/02/2025 17:26:09,877.0,23.8,32.9
08/02/2025 17:31:09,882.0,23.9,32.9
08/02/2025 17:36:10,879.0,23.9,32.9
08/02/2025 17:41:10,883.0,23.8,32.9
08/02/2025 17:46:09,907.0,23.8,32.9
08/02/2025 17:51:09,885.0,24.1,32.6
08/02/2025 17:56:10,871.0,24.3,32.4
08/02/2025 18:01:10,890.0,24.4,32.4
08/02/2025 18:04:54,879.0,24.5,32.3
08/02/2025 18:06:09,885.0,24.4,32.3
08/02/2025 18:11:08,878.0,24.7,32.1
08/02/2025 18:16:09,876.0,24.8,32.0
08/02/2025 18:21:08,871.0,24.8,32.0
08/02/2025 18:26:08,870.0,24.9,31.9
08/02/2025 18:31:09,884.0,24.8,32.0
08/02/2025 18:36:09,867.0,24.9,32.0
08/02/2025 18:41:09,872.0,25.0,31.9
08/02/2025 18:46:09,876.0,25.0,31.9
08/02/2025 18:51:08,867.0,25.0,31.8
08/02/2025 18:56:08,882.0,25.0,31.8
08/02/2025 19:01:08,873.0,25.1,31.8
08/02/2025 19:04:52,871.0,25.0,31.8
08/02/2025 19:06:07,879.0,25.0,31.8
08/02/2025 19:11:08,874.0,25.1,31.8
08/02/2025 19:16:08,866.0,25.2,31.7
08/02/2025 19:21:07,880.0,25.2,31.7
08/02/2025 19:26:07,873.0,25.2,31.7
08/02/2025 19:31:08,876.0,25.1,31.8
08/02/2025 19:36:08,874.0,25.2,31.7
08/02/2025 19:41:08,875.0,25.3,31.6
08/02/2025 19:46:07,867.0,25.3,31.6
08/02/2025 19:51:07,871.0,25.3,31.7
08/02/2025 19:56:07,867.0,25.3,31.6
08/02/2025 20:01:07,863.0,25.3,31.6
08/02/2025 20:04:52,873.0,25.3,31.6
08/02/2025 20:06:08,864.0,25.3,31.6
08/02/2025 20:11:08,872.0,25.4,31.6
08/02/2025 20:16:08,865.0,25.3,31.6
08/02/2025 20:21:07,878.0,25.4,31.6
08/02/2025 20:26:07,868.0,25.4,31.6
08/02/2025 20:31:07,888.0,25.3,31.6
08/02/2025 20:36:07,868.0,25.4,31.6
08/02/2025 20:41:06,872.0,25.4,31.6
08/02/2025 20:46:06,876.0,25.4,31.6
08/02/2025 20:51:07,867.0,25.4,31.6
08/02/2025 20:56:06,889.0,25.4,31.6
08/02/2025 21:01:06,871.0,25.5,31.5
08/02/2025 21:04:51,868.0,25.5,31.5
08/02/2025 21:06:05,870.0,25.5,31.5
08/02/2025 21:11:06,888.0,25.4,31.6
08/02/2025 21:16:05,881.0,25.4,31.6
08/02/2025 21:21:06,882.0,25.4,31.6
08/02/2025 21:26:06,874.0,25.3,31.7
08/02/2025 21:31:05,876.0,25.3,31.7
08/02/2025 21:36:05,876.0,25.3,31.7
08/02/2025 21:41:04,886.0,25.3,31.7
08/02/2025 21:46:05,878.0,25.3,31.7
08/02/2025 21:51:04,875.0,25.3,31.7
08/02/2025 21:56:03,875.0,25.2,31.8
08/02/2025 22:01:03,885.0,25.2,31.7
08/02/2025 22:04:48,887.0,25.2,31.7
08/02/2025 22:06:03,884.0,25.2,31.7
08/02/2025 22:11:04,885.0,25.3,31.7
08/02/2025 22:16:04,891.0,25.3,31.7
08/02/2025 22:21:06,878.0,25.2,31.8
08/02/2025 22:26:05,886.0,25.2,31.8
08/02/2025 22:31:05,886.0,25.2,31.7
08/02/2025 22:36:04,892.0,25.3,31.7
08/02/2025 22:41:04,892.0,25.2,31.7
08/02/2025 22:46:04,892.0,25.3,31.7
08/02/2025 22:51:04,885.0,25.2,31.7
08/02/2025 22:56:05,883.0,25.3,31.7
08/02/2025 23:01:04,881.0,25.2,31.7
08/02/2025 23:04:49,890.0,25.1,31.7
08/02/2025 23:06:05,885.0,25.2,31.7
08/02/2025 23:11:05,891.0,25.2,31.7
08/02/2025 23:16:05,893.0,25.2,31.7
08/02/2025 23:21:04,886.0,25.2,31.7
08/02/2025 23:26:04,884.0,25.1,31.7
08/02/2025 23:31:04,887.0,25.1,31.7
08/02/2025 23:36:03,881.0,25.1,31.7
08/02/2025 23:41:03,892.0,25.1,31.7
08/02/2025 23:46:03,885.0,25.0,31.8
08/02/2025 23:51:02,904.0,25.0,31.8
08/02/2025 23:56:03,879.0,25.0,31.8
09/02/2025 00:00:40,890.0,25.0,31.7
09/02/2025 00:05:41,892.0,25.1,31.7
09/02/2025 00:10:41,880.0,25.1,31.7
09/02/2025 00:15:40,900.0,25.1,31.6
09/02/2025 00:20:40,886.0,25.2,31.6
09/02/2025 00:25:40,889.0,25.1,31.7
09/02/2025 00:30:40,895.0,25.1,31.7
09/02/2025 00:35:40,903.0,25.2,31.6
09/02/2025 00:40:41,899.0,25.1,31.7
09/02/2025 00:45:39,896.0,25.1,31.6
09/02/2025 00:50:39,889.0,25.1,31.7
09/02/2025 00:55:39,883.0,25.0,31.7
09/02/2025 01:00:39,878.0,25.0,31.7
09/02/2025 01:05:39,889.0,25.0,31.7
09/02/2025 01:10:39,895.0,24.9,31.7
09/02/2025 01:15:39,899.0,24.9,31.8
09/02/2025 01:20:39,904.0,24.9,31.7
09/02/2025 01:25:39,891.0,24.9,31.7
09/02/2025 01:30:39,907.0,24.9,31.7
09/02/2025 01:35:40,894.0,24.9,31.6
09/02/2025 01:40:40,899.0,24.9,31.7
09/02/2025 01:45:40,895.0,24.8,31.7
09/02/2025 01:50:39,899.0,24.9,31.7
09/02/2025 01:55:40,902.0,24.8,31.7
09/02/2025 02:00:40,907.0,24.8,31.7
09/02/2025 02:05:40,904.0,24.7,31.7
09/02/2025 02:10:40,898.0,24.7,31.7
09/02/2025 02:15:40,903.0,24.7,31.7
09/02/2025 02:20:40,906.0,24.7,31.7
09/02/2025 02:25:39,902.0,24.6,31.8
09/02/2025 02:30:39,893.0,24.5,31.8
09/02/2025 02:35:39,895.0,24.6,31.8
09/02/2025 02:40:40,902.0,24.5,31.7
09/02/2025 02:45:39,900.0,24.6,31.7
09/02/2025 02:50:40,897.0,24.5,31.8
09/02/2025 02:55:40,901.0,24.5,31.8
09/02/2025 03:00:40,904.0,24.5,31.7
09/02/2025 03:05:39,907.0,24.4,31.8
09/02/2025 03:10:39,894.0,24.4,31.8
09/02/2025 03:15:39,903.0,24.4,31.8
09/02/2025 03:20:39,904.0,24.4,31.8
09/02/2025 03:25:39,902.0,24.3,31.8
09/02/2025 03:30:40,906.0,24.3,31.8
09/02/2025 03:35:39,899.0,24.3,31.8
09/02/2025 03:40:39,898.0,24.3,31.8
09/02/2025 03:45:39,903.0,24.2,31.8
09/02/2025 03:50:40,898.0,24.2,31.8
09/02/2025 03:55:39,902.0,24.2,31.8
09/02/2025 04:00:39,902.0,24.2,31.8
09/02/2025 04:05:40,904.0,24.1,31.9
09/02/2025 04:10:40,905.0,24.1,31.8
09/02/2025 04:15:39,905.0,24.1,31.9
09/02/2025 04:20:39,904.0,24.1,31.9
09/02/2025 04:25:38,909.0,24.0,31.9
09/02/2025 04:30:38,907.0,24.0,31.8
09/02/2025 04:35:38,926.0,24.0,31.9
09/02/2025 04:40:38,916.0,23.9,32.0
09/02/2025 04:45:39,905.0,24.0,31.8
09/02/2025 04:50:39,899.0,24.0,31.8
09/02/2025 04:55:39,906.0,23.9,31.9
09/02/2025 05:00:39,911.0,23.9,31.8
09/02/2025 05:05:39,899.0,23.9,31.8
09/02/2025 05:10:39,910.0,23.9,31.8
09/02/2025 05:15:40,906.0,24.0,31.7
09/02/2025 05:20:39,907.0,23.9,31.7
09/02/2025 05:25:40,898.0,23.9,31.7
09/02/2025 05:30:39,908.0,23.9,31.8
09/02/2025 05:35:38,912.0,23.9,31.7
09/02/2025 05:40:38,904.0,23.9,31.7
09/02/2025 05:45:38,899.0,23.8,31.8
09/02/2025 05:50:37,920.0,23.9,31.7
09/02/2025 05:55:37,903.0,23.8,31.8
09/02/2025 06:00:38,902.0,23.8,31.7
09/02/2025 06:05:37,909.0,23.9,31.7
09/02/2025 06:10:37,889.0,23.8,31.7
09/02/2025 06:15:36,910.0,23.9,31.7
09/02/2025 06:20:36,891.0,23.9,31.6
09/02/2025 06:25:36,908.0,23.9,31.6
09/02/2025 06:30:37,899.0,23.9,31.6
09/02/2025 06:35:37,901.0,23.9,31.6
09/02/2025 06:40:38,897.0,23.9,31.5
09/02/2025 06:45:38,897.0,23.9,31.5
09/02/2025 06:50:37,903.0,23.9,31.5
09/02/2025 06:55:37,901.0,23.9,31.5
09/02/2025 07:00:37,900.0,23.9,31.5
09/02/2025 07:05:38,894.0,23.9,31.5
09/02/2025 07:10:38,899.0,23.9,31.5
09/02/2025 07:15:38,894.0,23.8,31.5
09/02/2025 07:20:38,915.0,23.8,31.5
09/02/2025 07:25:39,890.0,23.8,31.5
09/02/2025 07:30:39,903.0,23.8,31.5
09/02/2025 07:35:39,909.0,23.7,31.6
09/02/2025 07:40:39,903.0,23.7,31.6
09/02/2025 07:45:38,911.0,23.7,31.6
09/02/2025 07:50:39,905.0,23.6,31.6
09/02/2025 07:55:40,923.0,23.7,31.6
09/02/2025 08:00:38,904.0,23.6,31.6
09/02/2025 08:05:39,904.0,23.6,31.6
09/02/2025 08:10:39,900.0,23.6,31.5
09/02/2025 08:15:39,903.0,23.8,31.5
09/02/2025 08:20:38,922.0,23.6,31.7
09/02/2025 08:25:39,893.0,23.4,31.9
09/02/2025 08:30:38,905.0,23.1,32.1
09/02/2025 08:35:38,915.0,22.9,32.4
09/02/2025 08:40:37,914.0,22.8,32.5
09/02/2025 08:45:38,905.0,22.8,32.6
09/02/2025 08:50:38,920.0,22.7,32.6
09/02/2025 08:55:37,912.0,22.7,32.6
09/02/2025 09:00:37,921.0,22.6,32.7
09/02/2025 09:05:36,903.0,22.6,32.8
09/02/2025 09:10:36,904.0,22.6,32.7
09/02/2025 09:15:37,926.0,22.7,32.7
09/02/2025 09:20:15,900.0,22.7,32.6
09/02/2025 09:25:15,900.0,22.7,32.6
09/02/2025 09:30:14,894.0,22.7,32.7
09/02/2025 09:35:14,896.0,22.8,32.6
09/02/2025 09:40:14,895.0,22.8,32.5
09/02/2025 09:45:14,924.0,23.0,32.3
09/02/2025 09:49:58,913.0,23.0,32.3
09/02/2025 09:54:58,917.0,22.9,32.3
09/02/2025 09:59:57,916.0,22.9,32.3
09/02/2025 10:04:57,921.0,23.1,32.1
09/02/2025 10:06:12,894.0,23.1,32.1
09/02/2025 10:11:12,902.0,23.1,32.2
09/02/2025 10:16:11,915.0,23.0,32.2
09/02/2025 10:21:12,917.0,23.1,32.1
09/02/2025 10:26:11,923.0,23.0,32.2
09/02/2025 10:31:11,931.0,23.1,32.1
09/02/2025 10:36:10,918.0,23.0,32.1
09/02/2025 10:41:10,926.0,22.7,32.4
09/02/2025 10:46:09,925.0,22.5,32.6
09/02/2025 10:51:09,912.0,22.4,32.6
09/02/2025 10:56:09,901.0,22.3,32.7
09/02/2025 11:01:08,919.0,22.4,32.5
09/02/2025 11:04:54,903.0,22.4,32.5
09/02/2025 11:06:08,908.0,22.4,32.5
09/02/2025 11:11:09,912.0,22.4,32.5
09/02/2025 11:16:07,907.0,22.3,32.5
09/02/2025 11:21:08,903.0,22.3,32.5
09/02/2025 11:26:07,923.0,22.3,32.5
09/02/2025 11:31:07,899.0,22.2,32.7
09/02/2025 11:36:06,907.0,22.1,32.7
09/02/2025 11:41:07,912.0,22.1,32.6
09/02/2025 11:46:06,911.0,22.2,32.5
09/02/2025 11:51:05,910.0,22.0,32.7
09/02/2025 11:56:05,914.0,22.0,32.8
09/02/2025 12:01:07,924.0,21.7,32.9
09/02/2025 12:04:51,915.0,21.7,32.9
09/02/2025 12:06:06,918.0,21.6,32.9
09/02/2025 12:11:06,902.0,21.4,32.9
09/02/2025 12:16:05,919.0,21.4,33.0
09/02/2025 12:21:05,907.0,21.4,32.9
09/02/2025 12:26:04,907.0,21.3,33.0
09/02/2025 12:31:05,893.0,21.2,32.9
09/02/2025 12:36:05,890.0,21.2,33.0
09/02/2025 12:41:05,894.0,21.2,33.0
09/02/2025 12:46:05,895.0,21.2,33.0
09/02/2025 12:51:05,892.0,21.2,33.0
09/02/2025 12:56:06,903.0,21.2,33.0
09/02/2025 13:01:06,892.0,21.1,33.0
09/02/2025 13:04:50,896.0,21.1,33.0
09/02/2025 13:06:05,907.0,21.0,33.0
09/02/2025 13:11:04,904.0,21.0,33.0
09/02/2025 13:16:05,894.0,21.1,33.0
09/02/2025 13:21:03,906.0,21.1,32.9
09/02/2025 13:26:03,904.0,21.1,32.9
09/02/2025 13:31:04,887.0,21.1,32.9
09/02/2025 13:36:04,894.0,21.2,32.9
09/02/2025 13:41:03,902.0,21.2,32.9
09/02/2025 13:46:04,895.0,21.2,32.9
09/02/2025 13:51:04,893.0,21.1,33.0
09/02/2025 13:56:05,906.0,21.2,32.9
09/02/2025 14:01:04,908.0,21.2,33.0
09/02/2025 14:04:49,894.0,21.3,32.9
09/02/2025 14:06:04,896.0,21.3,32.9
09/02/2025 14:11:05,903.0,21.3,32.8
09/02/2025 14:16:06,896.0,21.5,32.8
09/02/2025 14:21:05,901.0,21.5,32.7
09/02/2025 14:26:04,891.0,21.5,32.8
09/02/2025 14:31:03,897.0,21.3,32.9
09/02/2025 14:36:04,885.0,21.2,33.0
09/02/2025 14:41:04,901.0,21.3,32.9
09/02/2025 14:46:04,892.0,21.4,32.8
09/02/2025 14:51:04,906.0,21.4,32.9
09/02/2025 14:56:03,886.0,21.4,32.9
09/02/2025 15:01:03,900.0,21.5,32.7
09/02/2025 15:04:48,898.0,21.5,32.8
09/02/2025 15:06:04,901.0,21.5,32.8
09/02/2025 15:11:03,915.0,21.4,32.8
09/02/2025 15:16:04,900.0,21.5,32.8
09/02/2025 15:21:03,898.0,21.6,32.7
09/02/2025 15:26:03,895.0,21.7,32.6
09/02/2025 15:31:03,908.0,21.8,32.6
09/02/2025 15:36:02,879.0,21.8,32.5
09/02/2025 15:41:02,914.0,21.8,32.5
09/02/2025 15:46:02,877.0,21.9,32.5
09/02/2025 15:51:04,897.0,22.0,32.5
09/02/2025 15:56:03,904.0,22.1,32.4
09/02/2025 16:01:05,902.0,22.2,32.3
09/02/2025 16:04:48,905.0,22.2,32.3
09/02/2025 16:06:04,898.0,22.1,32.3
09/02/2025 16:11:04,912.0,22.3,32.2
09/02/2025 16:16:05,897.0,22.4,32.1
09/02/2025 16:21:03,909.0,22.5,32.0
09/02/2025 16:26:04,915.0,22.6,31.9
09/02/2025 16:31:05,900.0,22.8,31.8
09/02/2025 16:36:04,896.0,22.7,31.8
09/02/2025 16:41:04,891.0,22.8,31.7
09/02/2025 16:46:04,895.0,22.9,31.7
09/02/2025 16:51:03,899.0,22.9,31.7
09/02/2025 16:56:03,906.0,23.0,31.7
09/02/2025 17:01:03,908.0,23.0,31.7
09/02/2025 17:04:48,888.0,23.0,31.7
09/02/2025 17:06:03,898.0,23.0,31.7
09/02/2025 17:11:03,892.0,23.0,31.7
09/02/2025 17:16:04,887.0,23.0,31.7
09/02/2025 17:21:04,885.0,23.1,31.7
09/02/2025 17:26:03,884.0,23.0,31.6
09/02/2025 17:31:04,885.0,23.1,31.7
09/02/2025 17:36:04,890.0,23.2,31.6
09/02/2025 17:41:03,890.0,23.1,31.6
09/02/2025 17:46:03,902.0,23.2,31.6
09/02/2025 17:51:03,882.0,23.2,31.6
09/02/2025 17:56:03,885.0,23.2,31.6
09/02/2025 18:01:02,887.0,23.2,31.6
09/02/2025 18:04:46,892.0,23.3,31.5
09/02/2025 18:06:02,884.0,23.3,31.6
09/02/2025 18:11:01,883.0,23.2,31.6
09/02/2025 18:16:02,883.0,23.2,31.6
09/02/2025 18:21:04,874.0,23.2,31.7
09/02/2025 18:26:03,883.0,23.2,31.6
09/02/2025 18:31:04,875.0,23.3,31.6
09/02/2025 18:36:04,873.0,23.3,31.6
09/02/2025 18:41:03,882.0,23.4,31.5
09/02/2025 18:46:04,876.0,23.4,31.5
09/02/2025 18:51:03,872.0,23.4,31.5
09/02/2025 18:56:04,877.0,23.4,31.5
09/02/2025 19:01:04,880.0,23.4,31.6
09/02/2025 19:04:25,879.0,23.4,31.5
09/02/2025 19:05:41,888.0,23.5,31.5
09/02/2025 19:10:41,885.0,23.5,31.5
09/02/2025 19:15:40,884.0,23.5,31.5
09/02/2025 19:20:40,875.0,23.5,31.5
09/02/2025 19:25:40,876.0,23.5,31.5
09/02/2025 19:30:40,872.0,23.5,31.5
09/02/2025 19:35:40,879.0,23.6,31.4
09/02/2025 19:40:40,888.0,23.7,31.4
09/02/2025 19:45:39,879.0,23.7,31.4
09/02/2025 19:50:39,881.0,23.8,31.3
09/02/2025 19:55:40,877.0,23.7,31.3
09/02/2025 20:00:39,880.0,23.7,31.4
09/02/2025 20:05:39,885.0,23.7,31.4
09/02/2025 20:10:39,876.0,23.7,31.4
09/02/2025 20:15:39,883.0,23.7,31.4
09/02/2025 20:20:39,878.0,23.8,31.3
09/02/2025 20:25:39,900.0,23.8,31.4
09/02/2025 20:30:39,877.0,23.7,31.4
09/02/2025 20:35:39,879.0,23.7,31.4
09/02/2025 20:40:38,886.0,23.7,31.3
09/02/2025 20:45:38,881.0,23.8,31.3
09/02/2025 20:50:38,883.0,23.7,31.4
09/02/2025 20:55:38,882.0,23.7,31.3
09/02/2025 21:00:39,881.0,23.8,31.3
09/02/2025 21:05:37,889.0,23.8,31.3
09/02/2025 21:10:37,887.0,23.9,31.2
09/02/2025 21:15:37,880.0,23.8,31.3
09/02/2025 21:20:37,881.0,23.8,31.3
09/02/2025 21:25:37,893.0,23.8,31.3
09/02/2025 21:30:37,880.0,23.7,31.3
09/02/2025 21:35:36,887.0,23.8,31.3
09/02/2025 21:40:36,883.0,23.7,31.4
09/02/2025 21:45:36,888.0,23.6,31.4
09/02/2025 21:50:36,894.0,23.6,31.4
09/02/2025 21:55:37,888.0,23.6,31.4
09/02/2025 22:00:36,886.0,23.5,31.4
09/02/2025 22:05:35,909.0,23.6,31.3
09/02/2025 22:10:35,887.0,23.6,31.4
09/02/2025 22:15:36,888.0,23.5,31.4
09/02/2025 22:20:36,879.0,23.5,31.4
09/02/2025 22:25:36,895.0,23.4,31.4
09/02/2025 22:30:36,895.0,23.4,31.4
09/02/2025 22:35:37,888.0,23.5,31.3
09/02/2025 22:40:37,894.0,23.5,31.3
09/02/2025 22:45:36,892.0,23.5,31.3
09/02/2025 22:50:36,878.0,23.5,31.4
09/02/2025 22:55:36,890.0,23.4,31.3
09/02/2025 23:00:35,891.0,23.4,31.3
09/02/2025 23:05:35,896.0,23.4,31.3
09/02/2025 23:10:35,884.0,23.5,31.3
09/02/2025 23:15:35,889.0,23.5,31.2
09/02/2025 23:20:35,893.0,23.5,31.2
09/02/2025 23:25:34,892.0,23.5,31.2
09/02/2025 23:30:35,894.0,23.5,31.2
09/02/2025 23:35:36,885.0,23.4,31.2
09/02/2025 23:40:36,892.0,23.5,31.2
09/02/2025 23:45:36,896.0,23.5,31.2
09/02/2025 23:50:36,885.0,23.5,31.2
09/02/2025 23:55:36,897.0,23.4,31.2
10/02/2025 00:00:36,889.0,23.4,31.2
10/02/2025 00:05:36,897.0,23.4,31.2
10/02/2025 00:10:36,910.0,23.4,31.2
10/02/2025 00:15:36,894.0,23.4,31.1
10/02/2025 00:20:36,888.0,23.4,31.1
10/02/2025 00:25:35,893.0,23.4,31.1
10/02/2025 00:30:35,899.0,23.4,31.1
10/02/2025 00:35:35,894.0,23.4,31.1
10/02/2025 00:40:36,902.0,23.4,31.1
10/02/2025 00:45:35,903.0,23.4,31.1
10/02/2025 00:50:35,891.0,23.4,31.1
10/02/2025 00:55:35,907.0,23.3,31.1
10/02/2025 01:00:34,896.0,23.3,31.1
10/02/2025 01:05:34,897.0,23.3,31.2
10/02/2025 01:10:34,908.0,23.3,31.1
10/02/2025 01:15:34,894.0,23.3,31.2
10/02/2025 01:20:34,902.0,23.3,31.1
10/02/2025 01:25:34,908.0,23.3,31.1
10/02/2025 01:35:33,905.0,23.2,31.1
10/02/2025 01:40:34,906.0,23.2,31.1
10/02/2025 01:45:33,902.0,23.2,31.2
10/02/2025 01:50:33,912.0,23.2,31.1
10/02/2025 01:55:34,902.0,23.2,31.2
10/02/2025 02:00:34,898.0,23.1,31.2
10/02/2025 02:05:35,900.0,23.1,31.1
10/02/2025 02:10:34,901.0,23.1,31.1
10/02/2025 02:15:34,908.0,23.1,31.2
10/02/2025 02:20:35,897.0,23.1,31.2
10/02/2025 02:25:35,896.0,23.1,31.2
10/02/2025 02:30:35,898.0,23.0,31.2
10/02/2025 02:35:35,895.0,23.1,31.1
10/02/2025 02:40:33,898.0,23.1,31.1
10/02/2025 02:45:33,907.0,23.1,31.1
10/02/2025 02:50:33,911.0,23.1,31.1
10/02/2025 02:55:33,907.0,23.1,31.1
10/02/2025 03:00:33,908.0,23.1,31.1
10/02/2025 03:05:34,893.0,23.1,31.1
10/02/2025 03:10:33,897.0,23.1,31.1
10/02/2025 03:15:34,903.0,23.0,31.1
10/02/2025 03:20:34,907.0,23.1,31.1
10/02/2025 03:25:34,904.0,23.1,31.1
10/02/2025 03:30:35,909.0,23.0,31.1
10/02/2025 03:35:35,899.0,22.9,31.2
10/02/2025 03:40:34,919.0,23.0,31.1
10/02/2025 03:45:34,902.0,23.0,31.1
10/02/2025 03:50:35,911.0,23.0,31.1
10/02/2025 03:55:35,899.0,23.0,31.1
10/02/2025 04:00:35,909.0,22.9,31.1
10/02/2025 04:05:34,898.0,22.9,31.1
10/02/2025 04:10:33,901.0,22.9,31.1
10/02/2025 04:15:33,912.0,23.0,31.1
10/02/2025 04:20:33,907.0,23.0,31.1
10/02/2025 04:25:33,898.0,23.0,31.0
10/02/2025 04:30:33,905.0,23.1,30.9
10/02/2025 04:35:33,896.0,23.0,31.0
10/02/2025 04:40:33,899.0,23.0,31.0
10/02/2025 04:45:33,903.0,23.0,31.0
10/02/2025 04:50:32,910.0,23.0,31.0
10/02/2025 04:55:32,905.0,23.0,31.0
10/02/2025 05:00:31,904.0,22.9,31.0
10/02/2025 05:05:31,905.0,23.0,31.0
10/02/2025 05:10:32,899.0,22.9,31.0
10/02/2025 05:15:32,907.0,23.0,31.0
10/02/2025 05:20:33,899.0,22.9,31.0
10/02/2025 05:25:32,911.0,22.9,31.0
10/02/2025 05:30:32,907.0,23.0,31.0
10/02/2025 05:35:32,898.0,23.0,30.9
10/02/2025 05:40:32,902.0,22.9,31.0
10/02/2025 05:45:33,904.0,23.0,31.0
10/02/2025 05:50:32,898.0,22.9,31.0
10/02/2025 05:55:32,906.0,23.0,30.9
10/02/2025 06:00:32,910.0,23.0,30.9
10/02/2025 06:05:32,891.0,23.0,30.9
10/02/2025 06:10:32,896.0,23.0,30.9
10/02/2025 06:15:31,897.0,23.0,30.9
10/02/2025 06:20:31,899.0,23.0,30.9
10/02/2025 06:25:31,893.0,23.1,30.8
10/02/2025 06:30:31,893.0,23.0,30.9
10/02/2025 06:35:31,894.0,23.1,30.9
10/02/2025 06:40:31,893.0,23.1,30.9
10/02/2025 06:45:30,905.0,23.2,31.0
10/02/2025 06:50:31,904.0,23.3,31.0
10/02/2025 06:55:32,902.0,23.4,31.0
10/02/2025 07:00:30,887.0,23.4,31.1
10/02/2025 07:05:31,901.0,23.4,31.0
10/02/2025 07:10:29,898.0,23.3,31.0
10/02/2025 07:15:30,909.0,23.4,31.1
10/02/2025 07:20:30,906.0,23.2,31.3
10/02/2025 07:25:30,893.0,23.2,31.4
10/02/2025 07:30:29,912.0,23.2,31.4
10/02/2025 07:35:28,912.0,23.2,31.4
10/02/2025 07:40:28,918.0,23.2,31.5
10/02/2025 07:45:28,916.0,23.1,31.5
10/02/2025 07:50:29,902.0,23.1,31.6
10/02/2025 07:55:29,908.0,23.1,31.6
10/02/2025 08:00:30,913.0,23.1,31.6
10/02/2025 08:05:06,917.0,23.3,31.5
10/02/2025 08:09:51,909.0,23.3,31.5
10/02/2025 08:14:50,920.0,23.2,31.6
10/02/2025 08:19:51,892.0,23.1,31.6
10/02/2025 08:24:50,915.0,23.0,31.7
10/02/2025 08:44:49,919.0,22.7,32.0
10/02/2025 09:04:49,901.0,23.1,31.8
10/02/2025 09:06:05,894.0,23.1,31.7
10/02/2025 09:11:05,912.0,23.4,31.6
10/02/2025 09:16:05,897.0,23.6,31.5
10/02/2025 09:21:05,917.0,23.7,31.3
10/02/2025 09:26:05,896.0,23.6,31.5
10/02/2025 09:31:05,892.0,23.8,31.5
10/02/2025 09:36:04,921.0,23.8,31.4
10/02/2025 09:41:04,879.0,23.7,31.5
10/02/2025 09:46:05,914.0,23.8,31.5
10/02/2025 09:51:04,935.0,23.7,31.7
10/02/2025 09:56:04,917.0,28.3,27.6
10/02/2025 10:01:04,819.0,35.2,22.7
10/02/2025 10:04:49,828.0,38.4,21.1
10/02/2025 10:06:05,822.0,38.9,20.9
10/02/2025 10:11:05,833.0,41.2,20.3
10/02/2025 10:16:05,818.0,42.2,20.1
10/02/2025 10:21:04,837.0,42.8,20.0
10/02/2025 10:26:04,828.0,43.6,19.9
10/02/2025 10:31:04,822.0,43.8,19.9
10/02/2025 10:36:04,819.0,44.1,19.9
10/02/2025 10:41:03,815.0,44.5,19.8
10/02/2025 10:46:04,809.0,44.6,19.8
10/02/2025 10:51:04,819.0,44.9,19.8
10/02/2025 10:56:03,817.0,45.2,19.8
10/02/2025 11:01:04,817.0,45.4,19.8
10/02/2025 11:04:48,814.0,45.5,19.8
10/02/2025 11:06:03,822.0,45.5,19.8
10/02/2025 11:11:03,820.0,45.7,19.8
10/02/2025 11:16:02,826.0,46.5,20.7
10/02/2025 11:21:02,829.0,36.6,25.4
10/02/2025 11:26:01,905.0,32.9,27.5
10/02/2025 11:31:02,912.0,30.4,28.8
10/02/2025 11:36:01,907.0,29.0,29.6
10/02/2025 11:41:02,905.0,28.1,30.1
10/02/2025 11:46:00,918.0,27.6,30.5
10/02/2025 11:51:00,910.0,27.3,30.7
10/02/2025 11:56:01,926.0,26.9,31.0
10/02/2025 12:01:01,928.0,26.7,31.2
10/02/2025 12:04:46,905.0,26.5,31.3
10/02/2025 12:06:01,909.0,26.5,31.3
10/02/2025 12:11:00,917.0,26.3,31.5
10/02/2025 12:16:01,924.0,26.1,31.7
10/02/2025 12:21:00,908.0,25.8,31.9
10/02/2025 12:25:59,915.0,25.7,32.0
10/02/2025 12:30:59,916.0,25.6,32.1
10/02/2025 12:36:01,906.0,25.4,32.3
10/02/2025 12:40:59,909.0,25.3,32.3
10/02/2025 12:45:58,902.0,25.2,32.4
10/02/2025 12:50:58,906.0,25.2,32.5
10/02/2025 12:55:58,921.0,25.2,32.5
10/02/2025 13:00:59,905.0,25.0,32.7
10/02/2025 13:04:43,907.0,24.8,32.7
10/02/2025 13:05:59,924.0,24.9,32.7
10/02/2025 13:10:58,905.0,24.9,32.8
10/02/2025 13:15:59,906.0,24.8,32.9
10/02/2025 13:20:58,895.0,24.8,32.9
10/02/2025 13:25:57,898.0,24.8,32.8
10/02/2025 13:30:57,927.0,24.6,33.1
10/02/2025 13:35:58,910.0,24.8,33.0
10/02/2025 13:40:56,931.0,24.9,33.0
10/02/2025 13:45:56,908.0,24.6,33.2
10/02/2025 13:50:57,890.0,24.6,33.3
10/02/2025 13:55:56,909.0,24.6,33.3
10/02/2025 14:00:58,895.0,24.7,33.2
10/02/2025 14:05:57,910.0,24.7,33.2
10/02/2025 14:10:57,903.0,24.8,33.2
10/02/2025 14:15:57,918.0,24.8,33.2
10/02/2025 14:20:57,914.0,24.9,33.2
10/02/2025 14:25:57,912.0,24.8,33.2
10/02/2025 14:30:58,899.0,25.0,33.0
10/02/2025 14:35:58,921.0,25.1,33.0
10/02/2025 14:40:57,909.0,25.1,33.0
10/02/2025 14:45:58,925.0,25.1,33.0
10/02/2025 14:50:57,917.0,25.0,33.0
10/02/2025 14:55:57,900.0,25.2,32.9
10/02/2025 15:00:56,921.0,25.1,32.9
10/02/2025 15:05:56,900.0,25.0,33.0
10/02/2025 15:10:56,904.0,25.1,32.9
10/02/2025 15:15:57,920.0,25.1,32.9
10/02/2025 15:20:56,886.0,25.1,32.9
10/02/2025 15:25:56,886.0,25.1,32.9
10/02/2025 15:30:56,888.0,25.1,32.9
10/02/2025 15:35:55,921.0,25.1,32.9
10/02/2025 15:40:55,916.0,25.1,32.9
10/02/2025 15:45:56,920.0,25.1,32.9
10/02/2025 15:50:54,918.0,25.1,32.9
10/02/2025 15:55:54,892.0,25.0,33.0
10/02/2025 16:00:54,885.0,25.1,32.9
10/02/2025 16:05:53,905.0,25.2,32.8
10/02/2025 16:10:53,910.0,25.3,32.8
10/02/2025 16:15:53,915.0,25.3,32.8
10/02/2025 16:20:55,915.0,25.3,32.8
10/02/2025 16:25:54,892.0,25.3,32.8
10/02/2025 16:30:54,918.0,25.3,32.9
10/02/2025 16:35:53,900.0,25.3,32.8
10/02/2025 16:40:53,909.0,25.3,32.8
10/02/2025 16:45:52,919.0,25.4,32.7
10/02/2025 16:50:53,900.0,25.5,32.7
10/02/2025 16:55:52,918.0,25.5,32.7
10/02/2025 17:00:52,899.0,25.5,32.7
10/02/2025 17:05:51,920.0,25.6,32.6
10/02/2025 17:10:51,908.0,25.5,32.6
10/02/2025 17:15:51,916.0,25.5,32.5
10/02/2025 17:20:51,905.0,25.5,32.6
10/02/2025 17:25:50,908.0,25.6,32.5
10/02/2025 17:30:50,895.0,25.6,32.5
10/02/2025 17:35:51,910.0,25.6,32.4
10/02/2025 17:40:50,900.0,25.5,32.5
10/02/2025 17:45:49,910.0,25.4,32.5
10/02/2025 17:50:49,896.0,25.3,32.6
10/02/2025 17:55:50,882.0,25.3,32.6
10/02/2025 18:00:50,909.0,25.3,32.6
10/02/2025 18:05:49,890.0,25.3,32.5
10/02/2025 18:10:50,896.0,25.3,32.5
10/02/2025 18:15:49,903.0,25.5,32.3
10/02/2025 18:20:49,885.0,25.6,32.2
10/02/2025 18:25:49,909.0,25.6,32.2
10/02/2025 18:30:49,878.0,25.6,32.3
10/02/2025 18:35:48,884.0,25.5,32.3
10/02/2025 18:40:48,877.0,25.6,32.2
10/02/2025 18:45:48,887.0,25.6,32.2
10/02/2025 18:50:48,884.0,25.5,32.2
10/02/2025 18:55:48,879.0,25.5,32.1
10/02/2025 19:00:48,888.0,25.6,32.1
10/02/2025 19:05:48,899.0,25.5,32.1
10/02/2025 19:10:48,877.0,25.5,32.1
10/02/2025 19:15:48,875.0,25.4,32.1
10/02/2025 19:20:48,876.0,25.5,32.1
10/02/2025 19:25:48,872.0,25.5,32.1
10/02/2025 19:30:47,877.0,25.4,32.2
10/02/2025 19:35:47,879.0,25.5,32.0
10/02/2025 19:40:47,877.0,25.4,32.1
10/02/2025 19:45:47,891.0,25.4,32.1
10/02/2025 19:50:48,876.0,25.4,32.1
10/02/2025 19:55:47,872.0,25.4,32.0
10/02/2025 20:00:47,880.0,25.4,32.1
10/02/2025 20:05:46,887.0,25.4,32.0
10/02/2025 20:10:47,877.0,25.4,32.1
10/02/2025 20:15:46,889.0,25.4,32.0
10/02/2025 20:20:47,873.0,25.4,32.0
10/02/2025 20:25:47,881.0,25.4,32.0
10/02/2025 20:30:47,877.0,25.4,32.0
10/02/2025 20:35:46,877.0,25.4,32.0
10/02/2025 20:40:46,875.0,25.4,32.0
10/02/2025 20:45:46,885.0,25.4,32.0
10/02/2025 20:50:45,881.0,25.4,32.0
10/02/2025 20:55:46,885.0,25.4,32.0
10/02/2025 21:00:46,886.0,25.4,31.9
10/02/2025 21:05:46,887.0,25.4,32.0
10/02/2025 21:10:46,891.0,25.4,32.0
10/02/2025 21:15:46,877.0,25.4,31.9
10/02/2025 21:20:45,912.0,25.4,32.0
10/02/2025 21:25:45,908.0,25.3,32.0
10/02/2025 21:30:45,882.0,25.4,32.0
10/02/2025 21:35:45,884.0,25.4,31.9
10/02/2025 21:40:45,881.0,25.4,31.9
10/02/2025 21:45:45,895.0,25.4,31.9
10/02/2025 21:50:45,890.0,25.4,32.0
10/02/2025 21:55:44,896.0,25.3,32.0
10/02/2025 22:00:45,893.0,25.4,31.9
10/02/2025 22:05:45,890.0,25.3,32.0
10/02/2025 22:10:45,889.0,25.3,32.0
10/02/2025 22:15:22,888.0,25.2,32.0
10/02/2025 22:20:21,889.0,25.2,32.0
10/02/2025 22:25:21,885.0,25.3,32.0
10/02/2025 22:30:21,877.0,25.4,31.9
10/02/2025 22:35:21,887.0,25.4,31.9
10/02/2025 22:40:21,895.0,25.5,31.8
10/02/2025 22:45:21,889.0,25.5,31.9
10/02/2025 22:50:21,899.0,25.5,31.9
10/02/2025 22:55:21,893.0,25.4,31.9
10/02/2025 23:00:22,892.0,25.4,31.9
10/02/2025 23:05:22,881.0,25.4,31.9
10/02/2025 23:10:21,897.0,25.5,31.9
10/02/2025 23:15:21,893.0,25.4,31.9
10/02/2025 23:20:21,890.0,25.4,31.8
10/02/2025 23:25:21,898.0,25.5,31.8
10/02/2025 23:30:21,897.0,25.5,31.8
10/02/2025 23:35:20,897.0,25.5,31.8
10/02/2025 23:40:21,898.0,25.5,31.8
10/02/2025 23:45:21,908.0,25.4,31.9
10/02/2025 23:50:20,900.0,25.4,31.8
10/02/2025 23:55:21,897.0,25.5,31.8
11/02/2025 00:00:21,897.0,25.5,31.8
11/02/2025 00:05:21,894.0,25.5,31.8
11/02/2025 00:10:22,900.0,25.4,31.8
11/02/2025 00:15:21,909.0,25.5,31.8
11/02/2025 00:20:21,905.0,25.5,31.8
11/02/2025 00:25:21,899.0,25.4,31.8
11/02/2025 00:30:21,900.0,25.5,31.8
11/02/2025 00:35:22,906.0,25.5,31.8
11/02/2025 00:40:22,901.0,25.5,31.8
11/02/2025 00:45:21,905.0,25.4,31.8
11/02/2025 00:50:21,889.0,25.4,31.8
11/02/2025 00:55:21,908.0,25.3,31.9
11/02/2025 01:00:21,907.0,25.4,31.9
11/02/2025 01:05:21,910.0,25.4,31.9
11/02/2025 01:10:21,901.0,25.4,31.9
11/02/2025 01:15:21,911.0,25.4,31.8
11/02/2025 01:20:21,910.0,25.4,31.8
11/02/2025 01:25:21,915.0,25.4,31.8
11/02/2025 01:30:21,902.0,25.5,31.7
11/02/2025 01:35:20,902.0,25.5,31.8
11/02/2025 01:40:21,908.0,25.4,31.8
11/02/2025 01:45:21,905.0,25.5,31.8
11/02/2025 01:50:22,895.0,25.5,31.8
11/02/2025 01:55:23,900.0,25.5,31.8
11/02/2025 02:00:23,907.0,25.5,31.8
11/02/2025 02:05:23,902.0,25.5,31.8
11/02/2025 02:10:22,898.0,25.4,31.9
11/02/2025 02:15:22,907.0,25.4,31.9
11/02/2025 02:20:22,903.0,25.5,31.8
11/02/2025 02:25:22,909.0,25.5,31.8
11/02/2025 02:30:21,901.0,25.5,31.9
11/02/2025 02:35:21,913.0,25.5,31.9
11/02/2025 02:40:21,904.0,25.5,31.8
11/02/2025 02:45:20,899.0,25.4,31.8
11/02/2025 02:50:20,907.0,25.5,31.8
11/02/2025 02:55:20,908.0,25.6,31.8
11/02/2025 03:00:20,903.0,25.6,31.7
11/02/2025 03:05:20,908.0,25.6,31.7
11/02/2025 03:10:21,905.0,25.6,31.8
11/02/2025 03:15:21,896.0,25.6,31.8
11/02/2025 03:20:19,911.0,25.5,31.8
11/02/2025 03:25:19,908.0,25.6,31.8
11/02/2025 03:30:19,904.0,25.5,31.8
11/02/2025 03:35:20,904.0,25.5,31.8
11/02/2025 03:40:20,897.0,25.6,31.8
11/02/2025 03:45:19,899.0,25.7,31.7
11/02/2025 03:50:19,905.0,25.6,31.7
11/02/2025 03:55:19,893.0,25.6,31.8
11/02/2025 04:00:19,897.0,25.6,31.8
11/02/2025 04:05:19,890.0,25.6,31.7
11/02/2025 04:10:18,895.0,25.6,31.7
11/02/2025 04:15:19,902.0,25.7,31.7
11/02/2025 04:20:19,896.0,25.8,31.6
11/02/2025 04:25:19,906.0,25.8,31.6
11/02/2025 04:30:20,900.0,25.7,31.6
11/02/2025 04:35:20,898.0,25.8,31.5
11/02/2025 04:40:19,906.0,25.9,31.5
11/02/2025 04:45:20,905.0,25.8,31.6
11/02/2025 04:50:19,903.0,25.9,31.5
11/02/2025 04:55:19,898.0,25.9,31.5
11/02/2025 05:00:19,897.0,25.8,31.5
11/02/2025 05:05:19,906.0,25.8,31.6
11/02/2025 05:10:17,896.0,25.9,31.5
11/02/2025 05:15:17,899.0,25.9,31.5
11/02/2025 05:20:18,894.0,25.9,31.5
11/02/2025 05:25:18,905.0,26.0,31.4
11/02/2025 05:30:18,903.0,25.9,31.5
11/02/2025 05:35:19,893.0,26.0,31.5
11/02/2025 05:40:19,894.0,26.0,31.4
11/02/2025 05:45:18,903.0,26.0,31.4
11/02/2025 05:50:18,903.0,26.1,31.4
11/02/2025 05:55:18,892.0,26.1,31.4
11/02/2025 06:00:18,896.0,26.1,31.4
11/02/2025 06:05:17,907.0,26.2,31.3
11/02/2025 06:10:18,898.0,26.1,31.3
11/02/2025 06:15:18,899.0,26.1,31.3
11/02/2025 06:20:18,894.0,26.1,31.3
11/02/2025 06:25:18,898.0,26.1,31.4
11/02/2025 06:30:18,902.0,26.1,31.4
11/02/2025 06:35:18,896.0,26.1,31.4
11/02/2025 06:40:17,903.0,26.1,31.4
11/02/2025 06:45:18,889.0,26.1,31.4
11/02/2025 06:50:18,907.0,26.1,31.4
11/02/2025 06:55:17,909.0,26.1,31.4
11/02/2025 07:00:17,897.0,26.2,31.4
11/02/2025 07:05:17,893.0,26.1,31.4
11/02/2025 07:10:16,888.0,26.1,31.4
11/02/2025 07:15:17,894.0,26.1,31.4
11/02/2025 07:20:18,910.0,26.1,31.4
11/02/2025 07:25:18,913.0,26.1,31.4
11/02/2025 07:30:18,884.0,26.1,31.4
11/02/2025 07:35:18,899.0,26.1,31.4
11/02/2025 07:40:18,904.0,26.1,31.4
11/02/2025 07:45:18,896.0,26.2,31.3
11/02/2025 07:50:18,891.0,26.2,31.4
11/02/2025 07:55:17,889.0,26.2,31.3
11/02/2025 08:00:18,922.0,26.2,31.3
11/02/2025 08:05:16,915.0,26.2,31.3
11/02/2025 08:10:17,919.0,26.2,31.2
11/02/2025 08:15:17,895.0,26.3,31.2
11/02/2025 08:20:16,899.0,26.3,31.2
11/02/2025 08:25:16,915.0,26.3,31.2
11/02/2025 08:29:53,903.0,26.3,31.2
11/02/2025 08:34:53,893.0,26.4,31.3
11/02/2025 08:39:54,907.0,26.4,31.3
11/02/2025 08:44:53,902.0,26.6,31.3
11/02/2025 09:05:53,884.0,26.6,31.5
11/02/2025 09:10:54,904.0,26.6,31.5
11/02/2025 09:15:54,891.0,26.6,31.6
11/02/2025 09:20:54,913.0,26.6,31.6
11/02/2025 09:25:54,899.0,26.7,31.6
11/02/2025 09:30:54,912.0,26.7,31.5
11/02/2025 09:35:54,886.0,26.9,31.4
11/02/2025 09:40:54,919.0,26.9,31.5
11/02/2025 09:45:53,892.0,29.2,31.2
11/02/2025 09:50:53,918.0,36.8,24.3
11/02/2025 09:55:53,890.0,42.4,21.2
11/02/2025 10:00:53,901.0,45.7,20.1
11/02/2025 10:05:53,923.0,47.5,19.7
11/02/2025 10:10:53,921.0,48.6,19.5
11/02/2025 10:15:51,905.0,49.3,19.4
11/02/2025 10:20:51,898.0,49.6,19.4
11/02/2025 10:25:52,918.0,49.9,19.4
11/02/2025 10:30:50,904.0,50.2,19.4
11/02/2025 10:35:51,911.0,50.4,19.4
11/02/2025 10:40:51,909.0,50.7,19.5
11/02/2025 10:45:51,928.0,50.9,19.5
11/02/2025 10:50:51,910.0,51.0,19.5
11/02/2025 10:55:50,895.0,51.2,19.5
11/02/2025 11:00:50,913.0,51.2,19.5
11/02/2025 11:05:51,933.0,51.3,19.5
11/02/2025 11:10:50,908.0,51.4,19.6
11/02/2025 11:15:51,913.0,51.4,19.6
11/02/2025 11:20:51,899.0,51.4,19.6
11/02/2025 11:25:51,897.0,51.5,19.6
11/02/2025 11:30:50,918.0,51.5,19.6
11/02/2025 11:35:50,917.0,51.6,19.7
11/02/2025 11:40:50,900.0,51.6,19.7
11/02/2025 11:45:50,923.0,51.6,19.7
11/02/2025 11:50:50,913.0,51.6,19.7
11/02/2025 11:55:49,919.0,51.5,19.8
11/02/2025 12:00:50,911.0,51.6,19.8
11/02/2025 12:05:50,918.0,51.6,19.8
11/02/2025 12:10:49,917.0,51.7,19.8
11/02/2025 12:15:50,898.0,51.7,19.9
11/02/2025 12:20:49,907.0,51.7,19.9
11/02/2025 12:25:51,907.0,51.7,19.9
11/02/2025 12:30:50,913.0,51.7,19.9
11/02/2025 12:35:49,911.0,51.9,19.9
11/02/2025 12:40:49,911.0,51.8,19.9
11/02/2025 12:45:48,917.0,51.8,20.0
11/02/2025 12:50:48,907.0,52.0,20.0
11/02/2025 12:55:49,901.0,51.9,20.0
11/02/2025 13:00:50,913.0,52.0,20.0
11/02/2025 13:05:49,900.0,52.0,20.0
11/02/2025 13:10:48,899.0,52.0,20.0
11/02/2025 13:15:49,922.0,52.0,20.1
11/02/2025 13:20:48,903.0,52.2,20.1
11/02/2025 13:25:48,921.0,52.1,20.1
11/02/2025 13:30:53,927.0,52.1,20.1
11/02/2025 13:35:48,902.0,52.1,20.1
11/02/2025 13:40:48,918.0,52.1,20.1
11/02/2025 13:45:47,898.0,52.1,20.1
11/02/2025 13:50:47,909.0,52.1,20.1
11/02/2025 13:55:47,908.0,52.1,20.1
11/02/2025 14:00:46,910.0,52.1,20.1
11/02/2025 14:05:47,900.0,52.0,20.1
11/02/2025 14:10:47,921.0,51.9,20.1
11/02/2025 14:15:47,925.0,51.8,20.1
11/02/2025 14:20:46,917.0,51.8,20.1
11/02/2025 14:25:46,928.0,51.7,20.2
11/02/2025 14:30:47,904.0,51.7,20.2
11/02/2025 14:35:47,897.0,51.6,20.2
11/02/2025 14:40:48,916.0,51.6,20.1
11/02/2025 14:45:47,908.0,51.6,20.1
11/02/2025 14:50:47,905.0,51.6,20.1
11/02/2025 14:55:46,894.0,51.5,20.0
11/02/2025 15:00:46,903.0,51.5,20.0
11/02/2025 15:05:47,898.0,51.5,20.0
11/02/2025 15:10:46,906.0,51.5,20.0
11/02/2025 15:15:45,925.0,51.4,20.0
11/02/2025 15:20:46,911.0,51.5,20.0
11/02/2025 15:25:45,924.0,51.5,19.9
11/02/2025 15:30:46,926.0,51.4,19.9
11/02/2025 15:35:46,896.0,51.4,19.9
11/02/2025 15:40:46,916.0,51.4,19.9
11/02/2025 15:45:45,937.0,51.4,19.9
11/02/2025 15:50:46,912.0,51.3,19.9
11/02/2025 15:55:46,920.0,51.4,19.9
11/02/2025 16:00:46,944.0,51.4,19.9
11/02/2025 16:05:47,912.0,51.4,19.9
11/02/2025 16:10:47,927.0,51.4,19.9
11/02/2025 16:15:46,916.0,51.4,19.9
11/02/2025 16:20:46,918.0,51.5,19.9
11/02/2025 16:25:46,907.0,51.5,19.9
11/02/2025 16:30:46,909.0,51.7,19.9
11/02/2025 16:35:45,922.0,51.7,19.9
11/02/2025 16:40:45,905.0,51.7,19.9
11/02/2025 16:45:45,921.0,51.7,19.9
11/02/2025 16:50:45,928.0,51.7,19.9
11/02/2025 16:55:45,907.0,51.8,19.9
11/02/2025 17:00:45,918.0,51.9,19.9
11/02/2025 17:05:45,904.0,51.9,19.8
11/02/2025 17:10:45,894.0,51.9,19.9
11/02/2025 17:15:44,891.0,51.8,19.8
11/02/2025 17:20:44,920.0,51.8,19.9
11/02/2025 17:25:44,918.0,51.8,19.8
11/02/2025 17:30:43,914.0,51.7,19.8
11/02/2025 17:35:43,907.0,51.7,19.8
11/02/2025 17:40:44,891.0,51.6,19.8
11/02/2025 17:45:43,896.0,51.7,19.8
11/02/2025 17:50:42,911.0,51.7,19.8
11/02/2025 17:55:43,900.0,51.7,19.7
11/02/2025 18:00:42,900.0,51.7,19.7
11/02/2025 18:05:42,899.0,51.7,19.7
11/02/2025 18:10:42,898.0,51.8,19.7
11/02/2025 18:15:41,895.0,51.7,19.7
11/02/2025 18:20:41,894.0,51.7,19.6
11/02/2025 18:25:41,893.0,51.8,19.6
11/02/2025 18:30:40,908.0,51.8,19.6
11/02/2025 18:35:41,895.0,51.7,19.6
11/02/2025 18:40:40,884.0,51.8,19.6
11/02/2025 18:45:41,894.0,51.7,19.6
11/02/2025 18:50:41,902.0,51.7,19.6
11/02/2025 18:55:41,899.0,51.7,19.5
11/02/2025 19:00:41,892.0,51.7,19.5
11/02/2025 19:05:41,905.0,51.7,19.5
11/02/2025 19:10:40,879.0,51.7,19.5
11/02/2025 19:15:40,879.0,51.6,19.5
11/02/2025 19:20:40,901.0,51.6,19.5
11/02/2025 19:25:40,889.0,51.5,19.5
11/02/2025 19:30:39,892.0,51.6,19.5
11/02/2025 19:35:39,891.0,51.5,19.5
11/02/2025 19:40:39,885.0,51.5,19.5
11/02/2025 19:45:38,897.0,51.5,19.5
11/02/2025 19:50:38,881.0,51.5,19.5
11/02/2025 19:55:38,885.0,51.5,19.5
11/02/2025 20:00:38,890.0,51.5,19.5
11/02/2025 20:05:37,885.0,51.5,19.5
11/02/2025 20:10:37,885.0,51.5,19.5
11/02/2025 20:15:38,888.0,51.5,19.4
11/02/2025 20:20:38,888.0,51.5,19.4
11/02/2025 20:25:38,893.0,51.5,19.4
11/02/2025 20:30:37,888.0,51.5,19.4
11/02/2025 20:35:37,892.0,51.5,19.4
11/02/2025 20:40:38,903.0,51.5,19.4
11/02/2025 20:45:37,885.0,51.5,19.4
11/02/2025 20:50:37,891.0,51.5,19.4
11/02/2025 20:55:38,903.0,51.5,19.4
11/02/2025 21:00:38,895.0,51.5,19.4
11/02/2025 21:05:39,888.0,51.6,19.4
11/02/2025 21:10:15,894.0,51.5,19.4
11/02/2025 21:15:15,883.0,51.6,19.4
11/02/2025 21:20:15,891.0,51.6,19.4
11/02/2025 21:25:15,906.0,51.6,19.4
11/02/2025 21:30:15,894.0,51.6,19.4
11/02/2025 21:35:14,895.0,51.7,19.3
11/02/2025 21:40:15,884.0,51.6,19.3
11/02/2025 21:45:15,891.0,51.7,19.3
11/02/2025 21:50:15,893.0,51.6,19.3
11/02/2025 21:55:15,901.0,51.7,19.3
11/02/2025 22:00:15,891.0,51.7,19.3
11/02/2025 22:05:15,888.0,51.6,19.3
11/02/2025 22:09:58,895.0,51.5,19.3
11/02/2025 22:14:58,906.0,51.6,19.3
11/02/2025 22:19:57,898.0,51.6,19.3
11/02/2025 22:24:59,902.0,51.6,19.3
11/02/2025 22:29:59,897.0,51.5,19.3
11/02/2025 22:34:59,906.0,51.5,19.3
11/02/2025 22:39:59,897.0,51.5,19.3
11/02/2025 22:44:59,903.0,51.5,19.3
11/02/2025 22:49:58,897.0,51.5,19.3
11/02/2025 22:54:58,909.0,51.5,19.3
11/02/2025 22:59:57,916.0,51.4,19.3
11/02/2025 23:04:58,897.0,51.5,19.3
11/02/2025 23:06:12,899.0,51.5,19.3
11/02/2025 23:11:13,904.0,51.5,19.3
11/02/2025 23:16:13,903.0,51.5,19.2
11/02/2025 23:21:13,904.0,51.5,19.2
11/02/2025 23:26:14,902.0,51.4,19.2
11/02/2025 23:31:13,919.0,51.4,19.2
11/02/2025 23:36:12,905.0,51.4,19.2
11/02/2025 23:41:13,915.0,51.5,19.2
11/02/2025 23:46:13,903.0,51.5,19.2
11/02/2025 23:51:14,909.0,51.5,19.2
11/02/2025 23:56:14,913.0,51.5,19.2
12/02/2025 00:01:14,908.0,51.5,19.2
12/02/2025 00:05:00,908.0,51.4,19.2
12/02/2025 00:10:00,913.0,51.4,19.2
12/02/2025 00:14:59,911.0,51.4,19.2
12/02/2025 00:19:59,910.0,51.5,19.2
12/02/2025 00:24:59,911.0,51.4,19.2
12/02/2025 00:29:59,914.0,51.5,19.2
12/02/2025 00:34:59,907.0,51.4,19.2
12/02/2025 00:39:58,914.0,51.3,19.2
12/02/2025 00:44:58,912.0,51.4,19.2
12/02/2025 01:04:57,920.0,51.3,19.1
12/02/2025 01:06:12,915.0,51.3,19.1
12/02/2025 01:11:12,913.0,51.3,19.1
12/02/2025 01:16:12,910.0,51.3,19.1
12/02/2025 01:21:11,916.0,51.2,19.1
12/02/2025 01:26:10,900.0,51.2,19.1
12/02/2025 01:31:12,908.0,51.2,19.1
12/02/2025 01:36:11,907.0,51.1,19.1
12/02/2025 01:41:12,909.0,51.2,19.1
12/02/2025 01:46:12,909.0,51.1,19.1
12/02/2025 01:51:12,922.0,51.1,19.1
12/02/2025 01:56:13,911.0,51.0,19.1
12/02/2025 02:01:13,910.0,51.1,19.1
12/02/2025 02:04:58,907.0,51.1,19.1
12/02/2025 02:06:14,921.0,51.1,19.1
12/02/2025 02:11:13,912.0,51.0,19.1
12/02/2025 02:16:13,911.0,51.1,19.1
12/02/2025 02:21:13,900.0,51.0,19.1
12/02/2025 02:26:13,907.0,51.0,19.1
12/02/2025 02:31:14,906.0,51.0,19.1
12/02/2025 02:36:14,910.0,51.1,19.0
12/02/2025 02:41:13,911.0,51.0,19.0
12/02/2025 02:46:14,914.0,51.1,19.0
12/02/2025 02:51:13,907.0,51.0,19.0
12/02/2025 02:56:13,916.0,51.1,19.0
12/02/2025 03:01:13,903.0,51.0,19.0
12/02/2025 03:04:57,916.0,51.1,19.0
12/02/2025 03:06:13,913.0,51.1,19.0
12/02/2025 03:11:12,906.0,51.0,19.0
12/02/2025 03:16:12,917.0,51.1,19.0
12/02/2025 03:21:13,908.0,51.0,19.0
12/02/2025 03:26:13,912.0,51.0,19.0
12/02/2025 03:31:13,916.0,51.1,19.0
12/02/2025 03:36:13,903.0,51.1,19.0
12/02/2025 03:41:12,905.0,51.1,18.9
12/02/2025 03:46:13,909.0,51.0,18.9
12/02/2025 03:51:13,906.0,51.0,18.9
12/02/2025 03:56:13,918.0,51.1,18.9
12/02/2025 04:01:13,911.0,51.1,18.9
12/02/2025 04:04:58,909.0,51.1,18.9
12/02/2025 04:06:12,905.0,51.0,18.9
12/02/2025 04:11:13,914.0,51.1,18.9
12/02/2025 04:16:12,908.0,51.2,18.9
12/02/2025 04:21:12,912.0,51.1,18.9
12/02/2025 04:26:12,906.0,51.1,18.9
12/02/2025 04:31:12,913.0,51.1,18.8
12/02/2025 04:36:11,906.0,51.1,18.8
12/02/2025 04:41:11,908.0,51.2,18.8
12/02/2025 04:46:10,909.0,51.2,18.8
12/02/2025 04:51:12,907.0,51.1,18.8
12/02/2025 04:56:11,925.0,51.1,18.8
12/02/2025 05:01:11,907.0,51.1,18.8
12/02/2025 05:04:57,911.0,51.1,18.8
12/02/2025 05:06:11,914.0,51.1,18.8
12/02/2025 05:11:12,913.0,51.1,18.8
12/02/2025 05:16:11,903.0,51.1,18.8
12/02/2025 05:21:10,909.0,51.1,18.8
12/02/2025 05:26:10,914.0,51.1,18.8
12/02/2025 05:31:11,910.0,51.1,18.7
12/02/2025 05:36:10,910.0,51.1,18.7
12/02/2025 05:41:10,899.0,51.0,18.7
12/02/2025 05:46:09,914.0,51.1,18.7
12/02/2025 05:51:09,908.0,51.1,18.7
12/02/2025 05:56:08,913.0,51.1,18.7
12/02/2025 06:01:09,902.0,51.1,18.7
12/02/2025 06:04:53,906.0,51.1,18.7
12/02/2025 06:06:09,905.0,51.1,18.7
12/02/2025 06:10:46,910.0,51.1,18.7
12/02/2025 06:15:46,898.0,51.0,18.7
12/02/2025 06:20:45,902.0,51.0,18.7
12/02/2025 06:25:45,902.0,51.0,18.7
12/02/2025 06:30:46,899.0,51.0,18.7
12/02/2025 06:35:45,898.0,51.0,18.7
12/02/2025 06:40:45,898.0,51.0,18.7
12/02/2025 06:45:45,903.0,51.0,18.7
12/02/2025 06:50:46,897.0,51.0,18.7
12/02/2025 06:55:46,891.0,50.9,18.7
12/02/2025 07:00:45,915.0,51.0,18.7
12/02/2025 07:05:45,912.0,51.0,18.7
12/02/2025 07:10:45,895.0,51.0,18.7
12/02/2025 07:15:45,897.0,51.0,18.6
12/02/2025 07:20:45,909.0,51.0,18.6
12/02/2025 07:25:46,898.0,50.9,18.6
12/02/2025 07:30:47,917.0,50.9,18.6
12/02/2025 07:35:46,928.0,50.9,18.6
12/02/2025 07:40:46,896.0,50.9,18.7
12/02/2025 07:45:48,910.0,50.8,18.7
12/02/2025 07:50:49,887.0,50.8,18.8
12/02/2025 07:55:48,918.0,50.6,18.8
12/02/2025 08:00:48,917.0,50.6,18.8
12/02/2025 08:05:47,895.0,50.5,18.8
12/02/2025 08:10:47,913.0,50.5,18.9
12/02/2025 08:15:47,893.0,50.3,18.9
12/02/2025 08:20:46,917.0,50.3,19.0
12/02/2025 08:25:46,912.0,50.1,19.1
12/02/2025 08:30:46,898.0,50.1,19.1
12/02/2025 08:35:45,924.0,49.9,19.2
12/02/2025 08:40:45,925.0,49.9,19.2
12/02/2025 08:45:45,919.0,49.9,19.3
12/02/2025 08:50:45,908.0,49.8,19.3
12/02/2025 08:55:44,900.0,49.7,19.3
12/02/2025 09:00:45,899.0,49.7,19.3
12/02/2025 09:05:44,915.0,49.7,19.4
12/02/2025 09:10:44,913.0,49.7,19.4
12/02/2025 09:15:44,922.0,49.7,19.4
12/02/2025 09:20:45,924.0,49.6,19.5
12/02/2025 09:25:45,906.0,49.6,19.5
12/02/2025 09:30:45,945.0,49.6,19.6
12/02/2025 09:35:45,901.0,49.7,19.6
12/02/2025 09:40:45,914.0,49.7,19.6
12/02/2025 09:45:45,925.0,49.7,19.6
12/02/2025 09:50:46,908.0,49.6,19.7
12/02/2025 09:55:45,915.0,49.7,19.7
12/02/2025 10:00:45,901.0,49.7,19.7
12/02/2025 10:05:44,905.0,49.6,19.7
12/02/2025 10:10:45,918.0,49.7,19.7
12/02/2025 10:15:45,897.0,49.6,19.8
12/02/2025 10:20:44,906.0,49.6,19.8
12/02/2025 10:25:45,900.0,49.6,19.8
12/02/2025 10:30:44,921.0,49.6,19.8
12/02/2025 10:35:45,898.0,49.6,19.8
12/02/2025 10:40:46,908.0,49.6,19.9
12/02/2025 10:45:46,911.0,49.6,19.9
12/02/2025 10:50:44,907.0,49.6,19.9
12/02/2025 10:55:45,916.0,49.6,20.0
12/02/2025 11:00:44,898.0,49.6,20.0
12/02/2025 11:05:44,895.0,49.7,20.0
12/02/2025 11:10:44,911.0,49.7,20.0
12/02/2025 11:15:44,918.0,49.7,20.1
12/02/2025 11:20:45,918.0,49.7,20.1
12/02/2025 11:25:44,927.0,49.8,20.1
12/02/2025 11:30:43,897.0,49.7,20.1
12/02/2025 11:35:43,901.0,49.6,20.1
12/02/2025 11:40:43,903.0,49.7,20.1
12/02/2025 11:45:44,898.0,49.7,20.1
12/02/2025 11:50:44,937.0,49.7,20.1
12/02/2025 11:55:44,911.0,49.6,20.2
12/02/2025 12:00:44,901.0,49.6,20.2
12/02/2025 12:05:45,905.0,49.5,20.2
12/02/2025 12:10:44,913.0,49.5,20.2
12/02/2025 12:15:44,900.0,49.5,20.2
12/02/2025 12:20:44,917.0,49.4,20.2
12/02/2025 12:25:45,900.0,49.3,20.2
12/02/2025 12:30:44,925.0,49.3,20.3
12/02/2025 12:35:44,906.0,49.3,20.3
12/02/2025 12:40:44,929.0,49.4,20.3
12/02/2025 12:45:45,927.0,49.3,20.3
12/02/2025 12:50:45,919.0,49.2,20.3
12/02/2025 12:55:45,909.0,49.2,20.3
12/02/2025 13:00:44,917.0,49.1,20.3
12/02/2025 13:05:44,895.0,49.1,20.3
12/02/2025 13:10:44,896.0,49.1,20.3
12/02/2025 13:15:44,918.0,49.1,20.3
12/02/2025 13:20:44,936.0,49.1,20.4
12/02/2025 13:25:43,928.0,49.1,20.4
12/02/2025 13:30:43,937.0,49.0,20.4
12/02/2025 13:35:43,941.0,49.0,20.4
12/02/2025 13:40:43,941.0,49.0,20.4
12/02/2025 13:45:43,925.0,49.0,20.4
12/02/2025 13:50:42,902.0,49.0,20.4
12/02/2025 13:55:42,912.0,49.0,20.4
12/02/2025 14:00:42,986.0,48.9,20.4
12/02/2025 14:05:42,931.0,49.0,20.4
12/02/2025 14:10:42,900.0,49.0,20.4
12/02/2025 14:15:42,914.0,49.0,20.4
12/02/2025 14:20:43,922.0,49.0,20.4
12/02/2025 14:25:42,924.0,49.0,20.4
12/02/2025 14:30:43,926.0,49.1,20.5
12/02/2025 14:35:42,898.0,49.1,20.4
12/02/2025 14:40:43,907.0,49.1,20.4
12/02/2025 14:45:19,905.0,49.1,20.4
12/02/2025 14:50:19,916.0,49.2,20.4
12/02/2025 14:55:19,901.0,49.1,20.5
12/02/2025 15:00:19,905.0,49.2,20.5
12/02/2025 15:05:19,936.0,49.1,20.4
12/02/2025 15:10:18,905.0,49.2,20.4
12/02/2025 15:15:18,908.0,49.3,20.4
12/02/2025 15:20:18,903.0,49.2,20.5
12/02/2025 15:25:18,896.0,49.2,20.4
12/02/2025 15:30:18,901.0,49.2,20.4
12/02/2025 15:35:18,932.0,49.4,20.4
12/02/2025 15:40:18,895.0,49.4,20.4
12/02/2025 15:45:19,902.0,49.4,20.4
12/02/2025 15:50:18,915.0,49.4,20.5
12/02/2025 15:55:17,923.0,49.5,20.5
12/02/2025 16:00:18,921.0,49.5,20.5
12/02/2025 16:05:17,899.0,49.5,20.4
12/02/2025 16:10:16,915.0,49.6,20.4
12/02/2025 16:15:18,928.0,49.7,20.4
12/02/2025 16:20:17,908.0,49.7,20.4
12/02/2025 16:25:17,898.0,49.7,20.4
12/02/2025 16:30:18,910.0,49.7,20.5
12/02/2025 16:35:18,923.0,49.8,20.4
12/02/2025 16:40:17,903.0,49.8,20.4
12/02/2025 16:45:18,926.0,49.8,20.4
12/02/2025 16:50:18,893.0,49.8,20.4
12/02/2025 16:55:18,922.0,50.0,20.4
12/02/2025 17:00:17,904.0,50.0,20.4
12/02/2025 17:05:17,925.0,50.0,20.4
12/02/2025 17:10:16,904.0,50.1,20.4
12/02/2025 17:15:16,910.0,50.1,20.4
12/02/2025 17:20:16,899.0,50.1,20.3
12/02/2025 17:25:15,906.0,50.1,20.3
12/02/2025 17:30:15,910.0,50.0,20.3
12/02/2025 17:35:16,912.0,50.0,20.3
12/02/2025 17:40:16,893.0,50.0,20.3
12/02/2025 17:45:16,910.0,50.0,20.3
12/02/2025 17:50:15,894.0,49.9,20.3
12/02/2025 17:55:15,899.0,50.0,20.3
12/02/2025 18:00:16,898.0,49.9,20.3
12/02/2025 18:05:16,890.0,49.8,20.3
12/02/2025 18:10:16,894.0,49.8,20.3
12/02/2025 18:15:16,898.0,49.7,20.3
12/02/2025 18:20:17,900.0,49.8,20.3
12/02/2025 18:25:16,894.0,49.7,20.3
12/02/2025 18:30:17,910.0,49.7,20.2
12/02/2025 18:35:16,904.0,49.6,20.2
12/02/2025 18:40:16,898.0,49.6,20.2
12/02/2025 18:45:15,902.0,49.7,20.2
12/02/2025 18:50:18,902.0,49.6,20.2
12/02/2025 18:55:16,899.0,49.7,20.2
12/02/2025 19:00:17,911.0,49.6,20.1
12/02/2025 19:05:18,895.0,49.6,20.1
12/02/2025 19:10:17,903.0,49.7,20.1
12/02/2025 19:15:18,894.0,49.7,20.1
12/02/2025 19:20:19,904.0,49.8,20.1
12/02/2025 19:25:17,897.0,49.9,20.1
12/02/2025 19:30:18,895.0,49.8,20.1
12/02/2025 19:35:18,895.0,49.9,20.1
12/02/2025 19:40:18,897.0,49.9,20.1
12/02/2025 19:45:18,901.0,49.9,20.1
12/02/2025 19:50:18,903.0,49.9,20.1
12/02/2025 19:55:18,899.0,49.8,20.1
12/02/2025 20:00:17,896.0,49.9,20.1
12/02/2025 20:05:17,895.0,49.8,20.1
12/02/2025 20:10:18,902.0,49.9,20.0
12/02/2025 20:15:18,893.0,49.9,20.0
12/02/2025 20:20:18,895.0,49.9,20.0
12/02/2025 20:25:17,893.0,49.9,20.0
12/02/2025 20:30:18,891.0,49.9,20.0
12/02/2025 20:35:17,894.0,49.9,20.0
12/02/2025 20:40:18,910.0,49.9,20.0
12/02/2025 20:45:16,891.0,50.0,20.0
12/02/2025 20:50:16,900.0,50.0,20.0
12/02/2025 20:55:16,895.0,50.1,20.0
12/02/2025 21:00:16,906.0,50.1,20.0
12/02/2025 21:05:16,893.0,50.1,20.0
12/02/2025 21:10:15,900.0,50.1,20.0
12/02/2025 21:15:15,890.0,50.2,19.9
12/02/2025 21:20:15,891.0,50.1,20.0
12/02/2025 21:25:14,903.0,50.2,19.9
12/02/2025 21:30:14,889.0,50.2,19.9
12/02/2025 21:35:15,900.0,50.2,19.9
12/02/2025 21:40:14,896.0,50.2,19.9
12/02/2025 21:45:14,905.0,50.3,19.9
12/02/2025 21:49:58,903.0,50.3,19.9
12/02/2025 21:54:58,905.0,50.3,19.9
12/02/2025 21:59:58,904.0,50.3,19.9
12/02/2025 22:04:58,899.0,50.4,19.9
12/02/2025 22:06:14,906.0,50.3,19.9
12/02/2025 22:11:14,906.0,50.4,19.9
12/02/2025 22:16:14,910.0,50.5,19.9
12/02/2025 22:21:15,904.0,50.5,19.9
12/02/2025 22:46:14,907.0,50.6,19.8
12/02/2025 22:51:13,905.0,50.5,19.8
12/02/2025 22:56:13,906.0,50.6,19.8
12/02/2025 23:01:12,918.0,50.6,19.8
12/02/2025 23:04:57,902.0,50.5,19.8
12/02/2025 23:06:12,909.0,50.6,19.8
12/02/2025 23:11:12,896.0,50.6,19.8
12/02/2025 23:16:11,905.0,50.6,19.8
12/02/2025 23:21:12,904.0,50.5,19.8
12/02/2025 23:26:12,911.0,50.5,19.8
12/02/2025 23:31:11,911.0,50.5,19.8
12/02/2025 23:36:11,909.0,50.4,19.8
12/02/2025 23:41:11,912.0,50.4,19.8
12/02/2025 23:46:11,908.0,50.4,19.8
12/02/2025 23:51:11,912.0,50.3,19.7
12/02/2025 23:56:11,920.0,50.3,19.7
13/02/2025 00:01:10,911.0,50.2,19.7
13/02/2025 00:04:54,908.0,50.2,19.7
13/02/2025 00:06:10,907.0,50.3,19.7
13/02/2025 00:11:09,903.0,50.2,19.7
13/02/2025 00:16:10,911.0,50.1,19.7
13/02/2025 00:21:09,908.0,50.2,19.7
13/02/2025 00:26:09,911.0,50.0,19.7
13/02/2025 00:31:10,910.0,50.0,19.7
13/02/2025 00:36:09,905.0,50.0,19.7
13/02/2025 00:41:09,913.0,50.0,19.7
13/02/2025 00:46:09,911.0,49.9,19.6
13/02/2025 00:51:09,932.0,49.9,19.6
13/02/2025 00:56:08,906.0,49.9,19.6
13/02/2025 01:01:09,900.0,49.8,19.6
13/02/2025 01:04:53,909.0,49.8,19.6
13/02/2025 01:06:09,910.0,49.8,19.6
13/02/2025 01:11:08,903.0,49.7,19.6
13/02/2025 01:16:08,913.0,49.7,19.6
13/02/2025 01:21:08,918.0,49.6,19.6
13/02/2025 01:26:08,903.0,49.6,19.6
13/02/2025 01:31:08,901.0,49.5,19.6
13/02/2025 01:36:08,908.0,49.4,19.6
13/02/2025 01:41:08,903.0,49.4,19.6
13/02/2025 01:46:09,911.0,49.3,19.6
13/02/2025 01:50:45,920.0,49.3,19.6
13/02/2025 01:55:45,913.0,49.2,19.6
13/02/2025 02:00:49,911.0,49.1,19.5
13/02/2025 02:05:45,915.0,49.1,19.5
13/02/2025 02:10:45,913.0,49.2,19.5
13/02/2025 02:15:45,909.0,49.0,19.5
13/02/2025 02:20:45,910.0,49.1,19.5
13/02/2025 02:25:44,912.0,49.1,19.5
13/02/2025 02:30:44,913.0,49.1,19.5
13/02/2025 02:35:45,910.0,49.0,19.5
13/02/2025 02:40:45,914.0,49.0,19.5
13/02/2025 02:45:44,913.0,49.0,19.5
13/02/2025 02:50:44,908.0,48.9,19.5
13/02/2025 02:55:44,910.0,48.9,19.5
13/02/2025 03:00:45,908.0,48.9,19.5
13/02/2025 03:05:44,911.0,48.9,19.5
13/02/2025 03:10:44,909.0,48.8,19.5
13/02/2025 03:15:44,907.0,48.8,19.5
13/02/2025 03:20:45,918.0,48.7,19.4
13/02/2025 03:25:45,907.0,48.7,19.4
13/02/2025 03:30:45,912.0,48.7,19.4
13/02/2025 03:35:45,913.0,48.6,19.4
13/02/2025 03:40:45,908.0,48.6,19.4
13/02/2025 03:45:43,914.0,48.6,19.4
13/02/2025 03:50:43,909.0,48.6,19.4
13/02/2025 03:55:43,906.0,48.5,19.4
13/02/2025 04:00:43,907.0,48.5,19.4
13/02/2025 04:05:44,912.0,48.5,19.3
13/02/2025 04:10:45,915.0,48.5,19.4
13/02/2025 04:15:44,904.0,48.4,19.4
13/02/2025 04:20:44,909.0,48.4,19.4
13/02/2025 04:25:45,907.0,48.4,19.3
13/02/2025 04:30:46,908.0,48.4,19.3
13/02/2025 04:35:45,907.0,48.3,19.3
13/02/2025 04:40:45,904.0,48.4,19.3
13/02/2025 04:45:45,906.0,48.3,19.3
13/02/2025 04:50:46,922.0,48.4,19.3
13/02/2025 04:55:45,909.0,48.4,19.3
13/02/2025 05:00:48,914.0,48.3,19.3
13/02/2025 05:05:46,910.0,48.3,19.3
13/02/2025 05:10:45,911.0,48.3,19.3
13/02/2025 05:15:44,916.0,48.2,19.3
13/02/2025 05:20:45,902.0,48.2,19.2
13/02/2025 05:25:44,916.0,48.3,19.2
13/02/2025 05:30:44,909.0,48.3,19.2
13/02/2025 05:35:43,906.0,48.3,19.2
13/02/2025 05:40:44,897.0,48.3,19.2
13/02/2025 05:45:44,900.0,48.3,19.2
13/02/2025 05:50:44,907.0,48.2,19.2
13/02/2025 05:55:43,900.0,48.3,19.2
13/02/2025 06:00:44,903.0,48.2,19.2
13/02/2025 06:05:45,910.0,48.2,19.2
13/02/2025 06:10:45,908.0,48.2,19.2
13/02/2025 06:15:45,899.0,48.3,19.2
13/02/2025 06:20:44,914.0,48.3,19.2
13/02/2025 06:25:44,899.0,48.4,19.2
13/02/2025 06:30:44,905.0,48.4,19.2
13/02/2025 06:35:44,913.0,48.4,19.2
13/02/2025 06:40:43,904.0,48.6,19.2
13/02/2025 06:45:43,900.0,48.7,19.3
13/02/2025 06:50:43,915.0,48.8,19.3
13/02/2025 06:55:42,908.0,48.8,19.3
13/02/2025 07:00:43,917.0,49.0,19.3
13/02/2025 07:05:43,903.0,49.1,19.3
13/02/2025 07:10:43,900.0,49.2,19.4
13/02/2025 07:15:42,900.0,49.1,19.4
13/02/2025 07:20:42,899.0,49.2,19.4
13/02/2025 07:25:42,926.0,49.1,19.4
13/02/2025 07:30:44,917.0,49.1,19.4
13/02/2025 07:35:43,912.0,49.0,19.4
13/02/2025 07:40:43,899.0,49.0,19.4
13/02/2025 07:45:43,908.0,48.9,19.5
13/02/2025 07:50:43,911.0,48.8,19.5
13/02/2025 07:55:42,924.0,48.8,19.6
13/02/2025 08:00:43,902.0,48.7,19.6
13/02/2025 08:05:42,903.0,48.5,19.6
13/02/2025 08:10:42,922.0,48.5,19.6
13/02/2025 08:15:42,928.0,48.5,19.6
13/02/2025 08:20:41,919.0,48.5,19.7
13/02/2025 08:25:42,911.0,48.5,19.7
13/02/2025 08:30:40,914.0,48.5,19.7
13/02/2025 08:35:40,925.0,48.6,19.7
13/02/2025 08:40:40,904.0,48.7,19.8
13/02/2025 08:45:40,906.0,48.7,19.9
13/02/2025 08:50:39,915.0,48.6,19.9
13/02/2025 08:55:39,918.0,48.6,19.9
13/02/2025 09:00:39,894.0,48.6,19.9
13/02/2025 09:05:39,919.0,48.6,20.0
13/02/2025 09:10:38,902.0,48.5,20.0
13/02/2025 09:15:38,907.0,48.5,20.0
13/02/2025 09:20:38,912.0,48.4,20.1
13/02/2025 09:25:39,925.0,48.3,20.1
13/02/2025 09:30:39,932.0,48.3,20.1
13/02/2025 09:35:38,930.0,48.3,20.1
13/02/2025 09:40:37,926.0,48.3,20.2
13/02/2025 09:45:38,922.0,48.2,20.2
13/02/2025 09:50:39,907.0,48.2,20.2
13/02/2025 10:00:38,908.0,42.2,24.0
13/02/2025 10:05:39,891.0,37.3,26.2
13/02/2025 10:10:38,921.0,35.1,27.3
13/02/2025 10:15:38,929.0,33.4,28.1
13/02/2025 10:20:39,923.0,32.3,28.7
13/02/2025 10:25:38,890.0,31.6,29.1
13/02/2025 10:30:38,908.0,31.0,29.4
13/02/2025 10:35:39,902.0,30.5,29.7
13/02/2025 10:40:37,909.0,30.1,29.9
13/02/2025 10:45:37,914.0,29.8,30.2
13/02/2025 10:50:37,925.0,29.4,30.5
13/02/2025 10:55:37,918.0,29.1,30.7
13/02/2025 11:00:39,892.0,28.8,30.8
13/02/2025 11:05:35,891.0,28.7,31.0
13/02/2025 11:10:35,887.0,28.4,31.1
13/02/2025 11:15:38,893.0,28.4,31.1
13/02/2025 11:20:35,888.0,28.4,31.1
13/02/2025 11:25:36,901.0,28.3,31.1
13/02/2025 11:30:35,892.0,28.2,31.2
13/02/2025 11:35:36,907.0,28.2,31.3
13/02/2025 11:40:35,907.0,28.0,31.4
13/02/2025 11:45:34,891.0,28.0,31.4
13/02/2025 11:50:34,902.0,27.7,31.6
13/02/2025 11:55:34,910.0,28.0,31.5
13/02/2025 12:00:33,885.0,27.8,31.7
13/02/2025 12:05:36,904.0,27.6,31.9
13/02/2025 12:10:33,912.0,27.9,31.6
13/02/2025 12:15:35,888.0,28.0,31.7
13/02/2025 12:20:35,911.0,27.9,31.8
13/02/2025 12:25:33,910.0,27.6,32.1
13/02/2025 12:30:34,889.0,27.8,32.1
13/02/2025 12:35:35,913.0,28.1,31.9
13/02/2025 12:40:34,912.0,28.5,31.9
13/02/2025 12:45:34,915.0,28.2,32.2
13/02/2025 12:50:34,926.0,28.3,32.1
13/02/2025 12:55:34,899.0,27.8,32.4
13/02/2025 13:00:34,917.0,27.6,32.6
13/02/2025 13:05:33,928.0,27.5,32.6
13/02/2025 13:10:33,917.0,27.4,32.7
13/02/2025 13:15:33,931.0,27.4,32.7
13/02/2025 13:20:32,926.0,27.6,32.6
13/02/2025 13:25:33,881.0,27.7,32.4
13/02/2025 13:30:33,925.0,27.8,32.5
13/02/2025 13:35:32,920.0,27.5,32.7
13/02/2025 13:40:33,904.0,27.9,32.5
13/02/2025 13:45:09,884.0,27.7,32.6
13/02/2025 13:49:55,921.0,27.7,32.5
13/02/2025 13:54:55,940.0,27.8,32.5
13/02/2025 13:59:55,939.0,27.8,32.5
13/02/2025 14:04:56,915.0,28.0,32.4
13/02/2025 14:06:12,883.0,27.9,32.4
13/02/2025 14:11:12,918.0,27.8,32.7
13/02/2025 14:16:12,929.0,27.8,32.6
13/02/2025 14:21:11,908.0,27.8,32.6
13/02/2025 14:26:11,909.0,27.7,32.7
13/02/2025 14:31:10,924.0,27.7,32.8
13/02/2025 14:36:12,898.0,27.9,32.7
13/02/2025 14:41:12,924.0,28.0,32.6
13/02/2025 14:46:13,887.0,27.8,32.9
13/02/2025 14:51:11,918.0,28.0,32.5
13/02/2025 14:56:12,902.0,27.7,32.8
13/02/2025 15:01:12,936.0,27.6,32.8
13/02/2025 15:04:56,904.0,27.7,32.8
13/02/2025 15:06:12,908.0,27.6,32.8
13/02/2025 15:11:11,893.0,27.7,32.7
13/02/2025 15:16:11,892.0,28.0,32.6
13/02/2025 15:21:11,922.0,27.9,32.7
13/02/2025 15:26:12,911.0,27.7,32.9
13/02/2025 15:31:11,932.0,27.5,32.9
13/02/2025 15:36:11,905.0,27.5,32.9
13/02/2025 15:41:11,894.0,27.4,33.0
13/02/2025 15:46:10,901.0,27.7,32.6
13/02/2025 15:51:09,910.0,27.7,32.7
13/02/2025 15:56:12,897.0,27.6,32.8
13/02/2025 16:01:10,909.0,27.8,32.7
13/02/2025 16:04:54,904.0,27.7,32.8
13/02/2025 16:06:09,895.0,27.6,32.9
13/02/2025 16:11:09,905.0,27.3,33.0
13/02/2025 16:16:09,883.0,27.2,33.0
13/02/2025 16:21:09,887.0,27.3,32.9
13/02/2025 16:26:09,920.0,27.2,32.9
13/02/2025 16:31:08,908.0,27.1,32.8
13/02/2025 16:36:08,904.0,27.1,32.9
13/02/2025 16:41:09,908.0,27.1,32.9
13/02/2025 16:46:09,903.0,27.1,32.9
13/02/2025 16:51:08,901.0,27.1,32.9
13/02/2025 16:56:08,887.0,27.2,32.8
13/02/2025 17:01:09,897.0,27.1,32.8
13/02/2025 17:04:53,900.0,27.2,32.7
13/02/2025 17:06:09,887.0,27.2,32.7
13/02/2025 17:11:08,899.0,27.2,32.7
13/02/2025 17:16:09,907.0,27.1,32.8
13/02/2025 17:21:08,905.0,27.1,32.8
13/02/2025 17:26:08,915.0,27.0,32.8
13/02/2025 17:31:07,913.0,27.1,32.7
13/02/2025 17:36:07,879.0,27.0,32.7
13/02/2025 17:41:08,885.0,27.0,32.7
13/02/2025 17:46:07,907.0,27.0,32.6
13/02/2025 17:51:07,890.0,27.0,32.6
13/02/2025 17:56:09,879.0,27.1,32.6
13/02/2025 18:01:09,880.0,27.2,32.4
13/02/2025 18:04:54,886.0,27.2,32.3
13/02/2025 18:09:54,875.0,27.3,32.3
13/02/2025 18:14:53,891.0,27.4,32.1
13/02/2025 18:19:53,891.0,27.3,32.1
13/02/2025 18:24:54,885.0,27.3,32.1
13/02/2025 18:44:52,883.0,27.7,31.7
13/02/2025 19:04:52,875.0,28.4,31.3
13/02/2025 19:06:06,896.0,28.5,31.3
13/02/2025 19:11:08,866.0,28.6,31.3
13/02/2025 19:16:07,882.0,28.6,31.2
13/02/2025 19:21:07,885.0,28.7,31.2
13/02/2025 19:26:06,867.0,28.8,31.1
13/02/2025 19:31:06,870.0,28.9,31.0
13/02/2025 19:36:06,896.0,29.0,30.9
13/02/2025 19:41:06,870.0,29.0,30.8
13/02/2025 19:46:06,882.0,29.1,30.7
13/02/2025 19:51:05,883.0,29.1,30.7
13/02/2025 19:56:05,892.0,29.0,30.7
13/02/2025 20:01:05,886.0,29.0,30.7
13/02/2025 20:04:49,881.0,29.1,30.6
13/02/2025 20:06:04,886.0,29.1,30.6
13/02/2025 20:11:04,875.0,29.0,30.6
13/02/2025 20:16:05,877.0,29.0,30.6
13/02/2025 20:21:03,884.0,29.0,30.6
13/02/2025 20:26:04,895.0,29.0,30.6
13/02/2025 20:31:03,881.0,29.0,30.6
13/02/2025 20:36:02,872.0,29.0,30.5
13/02/2025 20:41:03,875.0,29.0,30.5
13/02/2025 20:46:04,885.0,29.0,30.5
13/02/2025 20:51:03,886.0,29.0,30.5
13/02/2025 20:56:03,885.0,29.0,30.5
13/02/2025 21:01:03,881.0,29.0,30.4
13/02/2025 21:04:46,893.0,29.0,30.4
13/02/2025 21:06:02,874.0,29.0,30.4
13/02/2025 21:11:01,876.0,29.0,30.5
13/02/2025 21:16:01,867.0,29.1,30.4
13/02/2025 21:21:01,871.0,29.1,30.4
13/02/2025 21:26:01,871.0,29.1,30.4
13/02/2025 21:31:01,883.0,29.2,30.3
13/02/2025 21:36:01,876.0,29.1,30.4
13/02/2025 21:41:00,874.0,29.1,30.4
13/02/2025 21:46:00,887.0,29.1,30.4
13/02/2025 21:50:59,882.0,29.1,30.3
13/02/2025 21:55:59,883.0,29.2,30.4
13/02/2025 22:00:59,891.0,29.2,30.4
13/02/2025 22:04:45,900.0,29.2,30.3
13/02/2025 22:05:59,891.0,29.2,30.4
13/02/2025 22:10:59,889.0,29.2,30.4
13/02/2025 22:15:59,886.0,29.2,30.4
13/02/2025 22:20:58,878.0,29.1,30.4
13/02/2025 22:25:58,888.0,29.2,30.4
13/02/2025 22:30:59,898.0,29.2,30.3
13/02/2025 22:35:59,907.0,29.2,30.3
13/02/2025 22:40:59,885.0,29.3,30.3
13/02/2025 22:45:59,903.0,29.2,30.3
13/02/2025 22:50:59,887.0,29.2,30.3
13/02/2025 22:55:58,887.0,29.3,30.2
13/02/2025 23:00:58,889.0,29.3,30.3
13/02/2025 23:05:58,899.0,29.2,30.3
13/02/2025 23:10:57,895.0,29.3,30.3
13/02/2025 23:15:57,893.0,29.2,30.3
13/02/2025 23:20:57,888.0,29.2,30.4
13/02/2025 23:25:57,890.0,29.2,30.3
13/02/2025 23:30:57,880.0,29.3,30.3
13/02/2025 23:35:56,909.0,29.3,30.3
13/02/2025 23:40:57,903.0,29.3,30.3
13/02/2025 23:45:57,894.0,29.2,30.3
13/02/2025 23:50:57,890.0,29.3,30.3
13/02/2025 23:55:57,900.0,29.2,30.3
14/02/2025 00:00:57,911.0,29.3,30.2
14/02/2025 00:05:57,899.0,29.3,30.3
14/02/2025 00:10:56,903.0,29.3,30.3
14/02/2025 00:15:56,897.0,29.3,30.2
14/02/2025 00:20:57,906.0,29.2,30.4
14/02/2025 00:25:56,904.0,29.2,30.3
14/02/2025 00:30:56,912.0,29.2,30.3
14/02/2025 00:35:55,911.0,29.3,30.3
14/02/2025 00:40:55,901.0,29.2,30.3
14/02/2025 00:45:55,895.0,29.3,30.2
14/02/2025 00:50:55,899.0,29.4,30.2
14/02/2025 00:55:54,898.0,29.4,30.2
14/02/2025 01:00:56,905.0,29.4,30.2
14/02/2025 01:05:32,895.0,29.3,30.2
14/02/2025 01:10:32,903.0,29.3,30.2
14/02/2025 01:15:31,901.0,29.4,30.2
14/02/2025 01:20:31,901.0,29.3,30.2
14/02/2025 01:25:32,894.0,29.3,30.3
14/02/2025 01:30:31,908.0,29.3,30.2
14/02/2025 01:35:31,890.0,29.2,30.3
14/02/2025 01:40:31,903.0,29.2,30.3
14/02/2025 01:45:30,896.0,29.2,30.3
14/02/2025 01:50:30,900.0,29.2,30.3
14/02/2025 01:55:30,902.0,29.2,30.3
14/02/2025 02:00:29,904.0,29.1,30.3
14/02/2025 02:05:29,912.0,29.1,30.3
14/02/2025 02:10:29,898.0,29.2,30.2
14/02/2025 02:15:29,916.0,29.2,30.2
14/02/2025 02:20:29,894.0,29.2,30.2
14/02/2025 02:25:29,902.0,29.0,30.4
14/02/2025 02:30:29,901.0,29.1,30.3
14/02/2025 02:35:28,905.0,29.1,30.3
14/02/2025 02:40:28,900.0,29.1,30.2
14/02/2025 02:45:28,901.0,29.2,30.2
14/02/2025 02:50:29,906.0,29.2,30.1
14/02/2025 02:55:28,907.0,29.1,30.3
14/02/2025 03:00:28,903.0,29.1,30.3
14/02/2025 03:05:29,910.0,29.1,30.2
14/02/2025 03:10:29,907.0,29.1,30.2
14/02/2025 03:15:29,905.0,29.0,30.3
14/02/2025 03:20:29,899.0,29.0,30.2
14/02/2025 03:25:29,904.0,29.0,30.2
14/02/2025 03:30:28,906.0,29.0,30.1
14/02/2025 03:35:28,904.0,29.1,30.1
14/02/2025 03:40:28,917.0,29.1,30.1
14/02/2025 03:45:28,904.0,29.1,30.1
14/02/2025 03:50:28,906.0,29.1,30.1
14/02/2025 03:55:27,896.0,29.1,30.1
14/02/2025 04:00:27,905.0,29.0,30.1
14/02/2025 04:05:27,899.0,29.0,30.1
14/02/2025 04:10:27,912.0,28.9,30.1
14/02/2025 04:15:27,905.0,29.0,30.1
14/02/2025 04:20:27,912.0,28.9,30.1
14/02/2025 04:25:27,907.0,28.9,30.1
14/02/2025 04:30:27,905.0,28.9,30.0
14/02/2025 04:35:27,904.0,28.9,30.0
14/02/2025 04:40:26,904.0,28.8,30.0
14/02/2025 04:45:27,907.0,28.8,30.0
14/02/2025 04:50:27,913.0,28.8,30.0
14/02/2025 04:55:26,904.0,28.8,30.0
14/02/2025 05:00:27,914.0,28.7,30.0
14/02/2025 05:05:28,902.0,28.7,30.0
14/02/2025 05:10:28,902.0,28.7,30.0
14/02/2025 05:15:28,901.0,28.7,30.0
14/02/2025 05:20:28,906.0,28.7,30.0
14/02/2025 05:25:27,891.0,28.7,30.0
14/02/2025 05:30:27,913.0,28.7,30.0
14/02/2025 05:35:27,906.0,28.7,29.9
14/02/2025 05:40:27,910.0,28.7,29.9
14/02/2025 05:45:26,901.0,28.6,30.0
14/02/2025 05:50:26,907.0,28.7,29.9
14/02/2025 05:55:26,907.0,28.6,29.9
14/02/2025 06:00:25,906.0,28.6,30.0
14/02/2025 06:05:26,900.0,28.6,29.9
14/02/2025 06:10:26,902.0,28.5,30.0
14/02/2025 06:15:25,903.0,28.6,29.9
14/02/2025 06:20:25,900.0,28.6,29.9
14/02/2025 06:25:25,907.0,28.5,29.9
14/02/2025 06:30:25,897.0,28.6,29.8
14/02/2025 06:35:24,911.0,28.6,29.8
14/02/2025 06:40:24,896.0,28.7,29.8
14/02/2025 06:45:24,911.0,28.6,29.8
14/02/2025 06:50:24,908.0,28.5,29.8
14/02/2025 06:55:24,930.0,28.5,29.8
14/02/2025 07:00:24,900.0,28.5,29.8
14/02/2025 07:05:23,908.0,28.5,29.8
14/02/2025 07:10:23,891.0,28.5,29.8
14/02/2025 07:15:23,910.0,28.4,29.8
14/02/2025 07:20:23,898.0,28.4,29.8
14/02/2025 07:25:23,896.0,28.4,29.8
14/02/2025 07:30:22,903.0,28.5,29.8
14/02/2025 07:35:22,908.0,28.5,29.8
14/02/2025 07:40:22,920.0,28.5,29.8
14/02/2025 07:45:21,888.0,28.5,29.8
14/02/2025 07:50:22,917.0,28.4,29.9
14/02/2025 07:55:21,888.0,28.0,30.2
14/02/2025 08:00:20,902.0,27.7,30.4
14/02/2025 08:05:21,902.0,27.6,30.5
14/02/2025 08:10:20,903.0,27.5,30.6
14/02/2025 08:15:20,912.0,27.4,30.7
14/02/2025 08:20:19,907.0,27.3,30.7
14/02/2025 08:25:20,894.0,27.4,30.7
14/02/2025 08:30:20,900.0,27.3,30.8
14/02/2025 08:35:20,908.0,27.4,30.7
14/02/2025 08:40:20,915.0,27.4,30.6
14/02/2025 08:45:20,897.0,27.5,30.6
14/02/2025 08:50:20,924.0,27.7,30.5
14/02/2025 08:55:20,893.0,27.7,30.5
14/02/2025 09:00:19,893.0,27.8,30.5
14/02/2025 09:05:20,927.0,27.8,30.6
14/02/2025 09:10:19,906.0,27.7,30.7
14/02/2025 09:15:18,926.0,27.6,30.7
14/02/2025 09:20:19,897.0,27.6,30.8
14/02/2025 09:25:18,896.0,27.6,30.9
14/02/2025 09:30:19,923.0,27.5,30.9
14/02/2025 09:35:20,893.0,27.5,30.9
14/02/2025 09:40:18,922.0,27.4,31.0
14/02/2025 09:45:18,931.0,27.4,31.1
14/02/2025 09:50:18,927.0,27.4,31.1
14/02/2025 09:55:18,891.0,27.4,31.2
14/02/2025 10:00:19,936.0,27.4,31.2
14/02/2025 10:05:18,932.0,27.4,31.2
14/02/2025 10:10:17,920.0,27.4,31.2
14/02/2025 10:15:18,903.0,27.4,31.3
14/02/2025 10:20:17,915.0,27.4,31.2
14/02/2025 10:25:18,913.0,27.3,31.3
14/02/2025 10:30:18,894.0,27.3,31.3
14/02/2025 10:35:17,900.0,27.3,31.3
14/02/2025 10:40:17,925.0,27.3,31.3
14/02/2025 10:45:17,899.0,27.4,31.3
14/02/2025 10:50:16,900.0,27.3,31.3
14/02/2025 10:55:16,900.0,27.5,31.3
14/02/2025 11:00:16,897.0,27.4,31.3
14/02/2025 11:05:16,909.0,27.5,31.3
14/02/2025 11:10:16,896.0,27.4,31.3
14/02/2025 11:15:15,887.0,27.5,31.3
14/02/2025 11:20:15,915.0,27.4,31.3
14/02/2025 11:25:15,887.0,27.4,31.4
14/02/2025 11:30:16,909.0,27.4,31.5
14/02/2025 11:35:15,895.0,27.3,31.5
14/02/2025 11:40:16,913.0,27.4,31.5
14/02/2025 11:45:16,906.0,27.4,31.5
14/02/2025 11:50:17,901.0,27.3,31.6
14/02/2025 11:55:15,893.0,27.3,31.6
14/02/2025 12:00:15,902.0,27.1,31.7
14/02/2025 12:05:15,925.0,27.3,31.6
14/02/2025 12:10:15,904.0,27.4,31.6
14/02/2025 12:15:15,932.0,27.3,31.7
14/02/2025 12:20:15,920.0,27.3,31.6
14/02/2025 12:25:16,906.0,27.4,31.6
14/02/2025 12:30:16,916.0,27.4,31.6
14/02/2025 12:35:15,907.0,27.5,31.6
14/02/2025 12:40:16,897.0,27.4,31.7
14/02/2025 12:45:16,924.0,27.3,31.7
14/02/2025 12:50:00,930.0,27.3,31.8
14/02/2025 12:54:59,913.0,27.4,31.7
14/02/2025 13:00:00,904.0,27.5,31.7
14/02/2025 13:05:00,921.0,27.5,31.7
14/02/2025 13:09:59,902.0,27.5,31.7
14/02/2025 13:15:00,894.0,27.5,31.7
14/02/2025 13:19:59,922.0,27.5,31.6
14/02/2025 13:24:59,897.0,27.5,31.6
14/02/2025 13:29:59,912.0,27.5,31.6
14/02/2025 13:34:59,909.0,27.4,31.7
14/02/2025 13:39:59,897.0,27.4,31.6
14/02/2025 13:45:14,933.0,27.5,31.6
14/02/2025 13:49:59,913.0,27.4,31.7
14/02/2025 13:54:59,911.0,27.4,31.7
14/02/2025 13:59:59,925.0,27.1,31.9
14/02/2025 14:05:14,931.0,26.9,32.0
14/02/2025 14:09:58,899.0,26.8,32.0
14/02/2025 14:14:57,879.0,26.9,31.9
14/02/2025 14:19:57,918.0,26.9,31.9
14/02/2025 14:24:57,899.0,26.8,31.9
14/02/2025 14:44:57,916.0,27.2,31.7
14/02/2025 15:05:49,890.0,27.3,31.8
14/02/2025 15:10:49,889.0,27.3,31.8
14/02/2025 15:15:49,881.0,27.4,31.8
14/02/2025 15:20:48,913.0,27.6,31.7
14/02/2025 15:25:48,914.0,27.4,31.8
14/02/2025 15:30:48,899.0,27.5,31.8
14/02/2025 15:35:48,906.0,27.4,31.9
14/02/2025 15:40:48,906.0,27.3,32.1
14/02/2025 15:45:48,889.0,27.4,32.0
14/02/2025 15:50:48,901.0,27.5,32.0
14/02/2025 15:55:48,919.0,27.6,31.9
14/02/2025 16:00:48,915.0,27.5,31.9
14/02/2025 16:05:49,898.0,27.5,32.0
14/02/2025 16:10:49,892.0,27.6,32.0
14/02/2025 16:15:49,884.0,27.5,32.0
14/02/2025 16:20:48,923.0,27.5,32.1
14/02/2025 16:25:49,908.0,27.5,32.1
14/02/2025 16:30:49,904.0,27.5,32.2
14/02/2025 16:35:48,896.0,27.4,32.2
14/02/2025 16:40:48,879.0,27.6,32.1
14/02/2025 16:45:47,895.0,27.5,32.1
14/02/2025 16:50:47,913.0,27.5,32.2
14/02/2025 16:55:47,920.0,27.4,32.2
14/02/2025 17:00:47,921.0,27.4,32.2
14/02/2025 17:05:46,907.0,27.4,32.2
14/02/2025 17:10:46,906.0,27.5,32.1
14/02/2025 17:15:47,915.0,27.5,32.0
14/02/2025 17:20:47,887.0,27.4,32.1
14/02/2025 17:25:47,920.0,27.4,32.0
14/02/2025 17:30:47,922.0,27.3,32.0
14/02/2025 17:35:46,892.0,27.4,31.8
14/02/2025 17:40:46,905.0,27.7,31.5
14/02/2025 17:45:46,900.0,27.8,31.4
14/02/2025 17:50:46,900.0,28.0,31.2
14/02/2025 17:55:45,885.0,28.1,31.1
14/02/2025 18:00:45,882.0,28.1,31.1
14/02/2025 18:05:45,898.0,28.1,31.0
14/02/2025 18:10:44,902.0,28.2,31.0
14/02/2025 18:15:44,884.0,28.2,31.0
14/02/2025 18:20:44,899.0,28.2,31.0
14/02/2025 18:25:44,887.0,28.3,30.9
14/02/2025 18:30:44,897.0,28.3,30.8
14/02/2025 18:35:44,889.0,28.3,30.8
14/02/2025 18:40:44,889.0,28.3,30.8
14/02/2025 18:45:44,899.0,28.3,30.7
14/02/2025 18:50:43,884.0,28.4,30.7
14/02/2025 18:55:43,900.0,28.4,30.6
14/02/2025 19:00:43,880.0,28.3,30.6
14/02/2025 19:05:42,888.0,28.3,30.6
14/02/2025 19:10:42,895.0,28.3,30.6
14/02/2025 19:15:42,886.0,28.3,30.6
14/02/2025 19:20:43,921.0,28.3,30.5
14/02/2025 19:25:42,873.0,28.3,30.5
14/02/2025 19:30:42,907.0,28.3,30.6
14/02/2025 19:35:42,886.0,28.2,30.5
14/02/2025 19:40:41,879.0,28.2,30.5
14/02/2025 19:45:41,879.0,28.2,30.5
14/02/2025 19:50:41,914.0,28.2,30.5
14/02/2025 19:55:41,885.0,28.2,30.5
14/02/2025 20:00:42,886.0,28.2,30.5
14/02/2025 20:05:41,886.0,28.1,30.5
14/02/2025 20:10:41,887.0,28.1,30.5
14/02/2025 20:15:42,891.0,28.1,30.5
14/02/2025 20:20:42,881.0,28.1,30.4
14/02/2025 20:25:43,885.0,28.1,30.4
14/02/2025 20:30:42,885.0,28.0,30.4
14/02/2025 20:35:43,883.0,28.0,30.4
14/02/2025 20:40:42,889.0,27.9,30.5
14/02/2025 20:45:42,889.0,27.9,30.4
14/02/2025 20:50:42,890.0,27.9,30.5
14/02/2025 20:55:40,887.0,27.9,30.5
14/02/2025 21:00:42,894.0,27.8,30.5
14/02/2025 21:05:41,889.0,27.8,30.5
14/02/2025 21:10:41,881.0,27.7,30.5
14/02/2025 21:15:40,890.0,27.7,30.4
14/02/2025 21:20:40,880.0,27.7,30.4
14/02/2025 21:25:40,888.0,27.8,30.4
14/02/2025 21:30:39,891.0,27.7,30.5
14/02/2025 21:35:39,897.0,27.6,30.5
14/02/2025 21:40:39,893.0,27.6,30.5
14/02/2025 21:45:39,880.0,27.7,30.4
14/02/2025 21:50:38,886.0,27.7,30.4
14/02/2025 21:55:38,916.0,27.6,30.4
14/02/2025 22:00:38,886.0,27.5,30.5
14/02/2025 22:05:38,895.0,27.5,30.4
14/02/2025 22:10:38,886.0,27.5,30.4
14/02/2025 22:15:37,917.0,27.5,30.5
14/02/2025 22:20:38,907.0,27.4,30.5
14/02/2025 22:25:37,906.0,27.4,30.5
14/02/2025 22:30:37,893.0,27.3,30.4
14/02/2025 22:35:38,891.0,27.4,30.4
14/02/2025 22:40:38,891.0,27.5,30.3
14/02/2025 22:45:38,897.0,27.4,30.3
14/02/2025 22:50:38,907.0,27.4,30.3
14/02/2025 22:55:38,915.0,27.3,30.4
14/02/2025 23:00:38,881.0,27.3,30.4
14/02/2025 23:05:37,889.0,27.3,30.3
14/02/2025 23:10:37,892.0,27.3,30.3
14/02/2025 23:15:37,894.0,27.3,30.3
14/02/2025 23:20:36,903.0,27.3,30.3
14/02/2025 23:25:36,899.0,27.2,30.3
14/02/2025 23:30:36,903.0,27.2,30.3
14/02/2025 23:35:35,902.0,27.2,30.3
14/02/2025 23:40:37,892.0,27.3,30.3
14/02/2025 23:45:36,896.0,27.3,30.2
14/02/2025 23:50:36,899.0,27.3,30.2
14/02/2025 23:55:38,909.0,27.3,30.2
15/02/2025 00:00:37,910.0,27.2,30.2
15/02/2025 00:05:37,903.0,27.3,30.2
15/02/2025 00:10:37,897.0,27.2,30.2
15/02/2025 00:15:36,913.0,27.2,30.3
15/02/2025 00:20:37,918.0,27.1,30.2
15/02/2025 00:25:37,906.0,27.2,30.2
15/02/2025 00:30:36,905.0,27.0,30.3
15/02/2025 00:35:36,904.0,27.1,30.2
15/02/2025 00:40:36,905.0,27.1,30.3
15/02/2025 00:45:36,902.0,27.0,30.3
15/02/2025 00:50:35,909.0,27.0,30.3
15/02/2025 00:55:35,910.0,27.0,30.2
15/02/2025 01:00:35,911.0,27.0,30.3
15/02/2025 01:05:35,907.0,27.0,30.2
15/02/2025 01:10:35,909.0,27.0,30.2
15/02/2025 01:15:36,911.0,27.0,30.2
15/02/2025 01:20:35,906.0,27.0,30.2
15/02/2025 01:25:34,905.0,27.0,30.2
15/02/2025 01:30:36,914.0,27.0,30.2
15/02/2025 01:35:36,916.0,27.0,30.2
15/02/2025 01:40:35,909.0,26.9,30.2
15/02/2025 01:45:36,921.0,26.9,30.2
15/02/2025 01:50:37,909.0,26.9,30.2
15/02/2025 01:55:36,914.0,26.9,30.2
15/02/2025 02:00:36,909.0,26.9,30.2
15/02/2025 02:05:36,900.0,26.9,30.2
15/02/2025 02:10:36,911.0,26.8,30.2
15/02/2025 02:15:36,907.0,26.8,30.2
15/02/2025 02:20:35,910.0,26.8,30.2
15/02/2025 02:25:35,919.0,26.7,30.2
15/02/2025 02:30:36,905.0,26.7,30.2
15/02/2025 02:35:36,903.0,26.7,30.2
15/02/2025 02:40:36,905.0,26.7,30.2
15/02/2025 02:45:36,907.0,26.7,30.2
15/02/2025 02:50:36,910.0,26.7,30.2
15/02/2025 02:55:37,908.0,26.7,30.2
15/02/2025 03:00:36,922.0,26.6,30.2
15/02/2025 03:05:36,909.0,26.6,30.2
15/02/2025 03:10:36,912.0,26.6,30.2
15/02/2025 03:15:36,904.0,26.6,30.1
15/02/2025 03:20:37,915.0,26.6,30.2
15/02/2025 03:25:36,914.0,26.5,30.2
15/02/2025 03:30:36,909.0,26.5,30.2
15/02/2025 03:35:37,924.0,26.4,30.2
15/02/2025 03:40:13,922.0,26.4,30.2
15/02/2025 03:45:13,921.0,26.4,30.2
15/02/2025 03:49:58,914.0,26.4,30.2
15/02/2025 03:54:58,915.0,26.3,30.2
15/02/2025 03:59:57,906.0,26.3,30.2
15/02/2025 04:04:58,906.0,26.3,30.2
15/02/2025 04:06:12,910.0,26.3,30.2
15/02/2025 04:11:12,917.0,26.2,30.2
15/02/2025 04:16:11,910.0,26.2,30.2
15/02/2025 04:21:12,907.0,26.2,30.2
15/02/2025 04:26:13,908.0,26.2,30.2
15/02/2025 04:31:12,910.0,26.2,30.1
15/02/2025 04:36:12,906.0,26.1,30.2
15/02/2025 04:41:12,909.0,26.1,30.2
15/02/2025 04:46:13,908.0,26.1,30.2
15/02/2025 04:51:14,911.0,26.0,30.2
15/02/2025 04:56:14,913.0,26.0,30.2
15/02/2025 05:01:15,909.0,25.9,30.2
15/02/2025 05:04:58,910.0,25.9,30.2
15/02/2025 05:06:13,901.0,26.0,30.2
15/02/2025 05:11:15,906.0,25.9,30.2
15/02/2025 05:16:14,913.0,26.0,30.1
15/02/2025 05:21:13,911.0,25.9,30.2
15/02/2025 05:26:13,919.0,25.9,30.2
15/02/2025 05:31:12,912.0,25.8,30.2
15/02/2025 05:36:13,918.0,25.8,30.2
15/02/2025 05:41:12,914.0,25.8,30.2
15/02/2025 05:46:12,922.0,25.7,30.3
15/02/2025 05:51:12,902.0,25.6,30.3
15/02/2025 05:56:12,905.0,25.6,30.3
15/02/2025 06:01:13,916.0,25.6,30.2
15/02/2025 06:04:57,912.0,25.6,30.3
15/02/2025 06:06:12,909.0,25.5,30.3
15/02/2025 06:11:12,908.0,25.5,30.3
15/02/2025 06:16:12,917.0,25.4,30.3
15/02/2025 06:21:12,917.0,25.3,30.4
15/02/2025 06:26:11,904.0,25.3,30.4
15/02/2025 06:31:12,915.0,25.3,30.4
15/02/2025 06:36:11,910.0,25.3,30.4
15/02/2025 06:41:11,902.0,25.2,30.4
15/02/2025 06:46:12,917.0,25.1,30.5
15/02/2025 06:51:12,907.0,25.0,30.5
15/02/2025 06:56:13,906.0,24.9,30.6
15/02/2025 07:01:13,899.0,24.9,30.6
15/02/2025 07:04:57,907.0,24.9,30.6
15/02/2025 07:06:12,918.0,24.8,30.6
15/02/2025 07:11:13,914.0,25.0,30.4
15/02/2025 07:16:13,908.0,25.0,30.4
15/02/2025 07:21:13,903.0,24.9,30.5
15/02/2025 07:26:13,897.0,25.0,30.4
15/02/2025 07:31:13,893.0,25.2,30.3
15/02/2025 07:36:13,912.0,25.1,30.3
15/02/2025 07:41:13,901.0,25.2,30.3
15/02/2025 07:46:13,908.0,25.1,30.4
15/02/2025 07:51:12,903.0,25.1,30.4
15/02/2025 07:56:11,900.0,25.1,30.3
15/02/2025 08:01:12,900.0,25.2,30.3
15/02/2025 08:04:55,907.0,25.1,30.3
15/02/2025 08:06:11,902.0,25.2,30.3
15/02/2025 08:11:11,893.0,25.1,30.3
15/02/2025 08:16:10,937.0,25.2,30.3
15/02/2025 08:21:10,900.0,25.2,30.4
15/02/2025 08:26:10,929.0,25.4,30.3
15/02/2025 08:31:10,903.0,25.4,30.3
15/02/2025 08:36:09,893.0,25.4,30.2
15/02/2025 08:41:09,902.0,25.4,30.3
15/02/2025 08:46:10,905.0,25.4,30.3
15/02/2025 08:51:08,910.0,25.4,30.3
15/02/2025 08:56:07,902.0,25.5,30.3
15/02/2025 09:01:08,900.0,25.5,30.2
15/02/2025 09:04:52,898.0,25.5,30.2
15/02/2025 09:06:08,918.0,25.5,30.3
15/02/2025 09:11:07,895.0,25.5,30.3
15/02/2025 09:16:07,906.0,25.4,30.4
15/02/2025 09:21:06,927.0,25.4,30.4
15/02/2025 09:26:06,914.0,25.4,30.5
15/02/2025 09:31:06,930.0,25.2,30.6
15/02/2025 09:36:06,902.0,25.2,30.6
15/02/2025 09:41:05,900.0,25.6,30.3
15/02/2025 09:46:05,884.0,25.7,30.2
15/02/2025 09:51:04,907.0,25.9,30.1
15/02/2025 09:56:04,935.0,25.9,30.2
15/02/2025 10:01:04,912.0,25.7,30.3
15/02/2025 10:04:48,885.0,25.6,30.5
15/02/2025 10:06:03,892.0,25.5,30.5
15/02/2025 10:11:03,905.0,25.3,30.8
15/02/2025 10:16:04,898.0,25.3,30.8
15/02/2025 10:21:04,918.0,25.3,30.8
15/02/2025 10:26:03,905.0,25.2,30.9
15/02/2025 10:31:03,893.0,25.3,30.9
15/02/2025 10:36:02,898.0,25.2,31.0
15/02/2025 10:41:03,914.0,25.2,31.1
15/02/2025 10:46:03,874.0,25.4,30.9
15/02/2025 10:51:02,901.0,25.5,30.9
15/02/2025 10:56:02,894.0,25.4,31.1
15/02/2025 11:01:02,916.0,25.3,31.1
15/02/2025 11:04:46,888.0,25.4,31.1
15/02/2025 11:06:02,899.0,25.4,31.1
15/02/2025 11:11:02,923.0,25.4,31.1
15/02/2025 11:16:02,915.0,25.4,31.0
15/02/2025 11:21:09,875.0,25.4,31.1
15/02/2025 11:26:01,880.0,25.4,31.1
15/02/2025 11:31:01,912.0,25.4,31.1
15/02/2025 11:36:01,908.0,25.4,31.0
15/02/2025 11:41:03,911.0,25.4,31.0
15/02/2025 11:46:02,920.0,25.4,31.0
15/02/2025 11:51:01,884.0,25.3,31.1
15/02/2025 11:56:01,896.0,25.3,31.2
15/02/2025 12:01:01,909.0,25.2,31.2
15/02/2025 12:04:45,909.0,25.2,31.2
15/02/2025 12:06:00,916.0,25.1,31.2
15/02/2025 12:11:01,894.0,25.2,31.1
15/02/2025 12:15:59,915.0,25.2,31.1
15/02/2025 12:20:59,900.0,25.2,31.1
15/02/2025 12:25:58,926.0,25.0,31.1
15/02/2025 12:30:59,898.0,24.9,31.2
15/02/2025 12:35:58,887.0,24.9,31.3
15/02/2025 12:40:59,914.0,24.8,31.2
15/02/2025 12:45:59,925.0,24.7,31.3
15/02/2025 12:50:59,915.0,24.5,31.4
15/02/2025 12:55:58,912.0,24.5,31.3
15/02/2025 13:00:57,923.0,24.6,31.3
15/02/2025 13:05:57,913.0,24.5,31.2
15/02/2025 13:10:58,932.0,24.4,31.4
15/02/2025 13:15:57,914.0,24.2,31.4
15/02/2025 13:20:57,938.0,24.1,31.4
15/02/2025 13:25:56,887.0,24.2,31.3
15/02/2025 13:30:57,906.0,24.4,31.3
15/02/2025 13:35:55,921.0,24.4,31.2
15/02/2025 13:40:55,915.0,24.2,31.3
15/02/2025 13:45:56,892.0,24.1,31.3
15/02/2025 13:50:57,885.0,24.0,31.4
15/02/2025 13:55:56,913.0,24.0,31.4
15/02/2025 14:00:54,897.0,24.1,31.4
15/02/2025 14:05:56,911.0,23.8,31.6
15/02/2025 14:10:56,897.0,24.1,31.4
15/02/2025 14:15:56,900.0,24.2,31.2
15/02/2025 14:20:55,912.0,24.5,31.3
15/02/2025 14:25:55,899.0,24.7,31.4
15/02/2025 14:30:54,918.0,24.8,31.4
15/02/2025 14:35:54,907.0,24.7,31.4
15/02/2025 14:40:54,904.0,24.3,31.2
15/02/2025 14:45:54,906.0,24.0,31.3
15/02/2025 14:50:53,903.0,24.0,31.4
15/02/2025 14:55:53,898.0,23.8,31.5
15/02/2025 15:00:54,906.0,23.6,31.5
15/02/2025 15:05:53,885.0,23.9,31.4
15/02/2025 15:10:54,896.0,23.8,31.4
15/02/2025 15:15:53,924.0,23.8,31.4
15/02/2025 15:20:54,900.0,23.7,31.4
15/02/2025 15:25:54,918.0,23.6,31.4
15/02/2025 15:30:53,919.0,23.7,31.4
15/02/2025 15:35:55,906.0,23.7,31.4
15/02/2025 15:40:31,930.0,23.8,31.2
15/02/2025 15:45:30,913.0,23.8,31.2
15/02/2025 15:50:30,899.0,23.9,31.2
15/02/2025 15:55:31,909.0,23.9,31.1
15/02/2025 16:00:32,901.0,23.9,31.1
15/02/2025 16:05:31,895.0,24.0,31.0
15/02/2025 16:10:30,889.0,24.2,30.8
15/02/2025 16:15:30,888.0,24.2,30.7
15/02/2025 16:20:30,904.0,24.4,30.6
15/02/2025 16:25:30,887.0,24.4,30.6
15/02/2025 16:30:30,890.0,24.4,30.6
15/02/2025 16:35:30,895.0,24.3,30.6
15/02/2025 16:40:31,896.0,24.3,30.6
15/02/2025 16:45:30,908.0,24.3,30.6
15/02/2025 16:50:31,893.0,24.4,30.5
15/02/2025 16:55:30,899.0,24.3,30.5
15/02/2025 17:00:30,897.0,24.4,30.4
15/02/2025 17:05:30,885.0,24.5,30.4
15/02/2025 17:10:30,904.0,24.4,30.4
15/02/2025 17:15:30,900.0,24.4,30.4
15/02/2025 17:20:31,891.0,24.4,30.4
15/02/2025 17:25:31,892.0,24.4,30.4
15/02/2025 17:30:31,885.0,24.2,30.4
15/02/2025 17:35:31,886.0,24.4,30.4
15/02/2025 17:40:30,882.0,24.3,30.4
15/02/2025 17:45:30,898.0,24.4,30.3
15/02/2025 17:50:30,882.0,24.4,30.3
15/02/2025 17:55:30,881.0,24.4,30.3
15/02/2025 18:00:30,877.0,24.4,30.3
15/02/2025 18:05:30,895.0,24.5,30.3
15/02/2025 18:10:30,890.0,24.5,30.3
15/02/2025 18:15:31,882.0,24.5,30.3
15/02/2025 18:20:31,874.0,24.5,30.2
15/02/2025 18:25:30,877.0,24.5,30.1
15/02/2025 18:30:30,880.0,24.6,30.1
15/02/2025 18:35:30,889.0,24.6,30.1
15/02/2025 18:40:30,871.0,24.6,30.1
15/02/2025 18:45:31,874.0,24.6,30.0
15/02/2025 18:50:31,906.0,24.6,30.1
15/02/2025 18:55:31,894.0,24.6,30.1
15/02/2025 19:00:31,885.0,24.6,30.1
15/02/2025 19:05:30,880.0,24.6,30.1
15/02/2025 19:10:31,879.0,24.7,30.1
15/02/2025 19:15:32,903.0,24.6,30.1
15/02/2025 19:20:32,875.0,24.7,30.0
15/02/2025 19:25:31,874.0,24.7,30.0
15/02/2025 19:30:33,885.0,24.7,30.0
15/02/2025 19:35:32,880.0,24.7,30.0
15/02/2025 19:40:32,883.0,24.7,30.0
15/02/2025 19:45:31,886.0,24.7,30.0
15/02/2025 19:50:32,894.0,24.7,30.0
15/02/2025 19:55:33,881.0,24.6,30.0
15/02/2025 20:00:32,889.0,24.7,29.9
15/02/2025 20:05:32,876.0,24.7,29.9
15/02/2025 20:10:32,881.0,24.7,29.9
15/02/2025 20:15:31,876.0,24.7,29.9
15/02/2025 20:20:32,878.0,24.7,29.9
15/02/2025 20:25:32,874.0,24.8,29.9
15/02/2025 20:30:31,886.0,24.8,29.9
15/02/2025 20:35:31,884.0,24.7,29.8
15/02/2025 20:40:31,883.0,24.7,29.9
15/02/2025 20:45:32,873.0,24.7,29.9
15/02/2025 20:50:32,881.0,24.8,29.8
15/02/2025 20:55:31,890.0,24.8,29.8
15/02/2025 21:00:31,878.0,24.7,29.8
15/02/2025 21:05:30,884.0,24.6,29.9
15/02/2025 21:10:31,890.0,24.6,29.9
15/02/2025 21:15:31,901.0,24.6,29.9
15/02/2025 21:20:29,887.0,24.6,29.9
15/02/2025 21:25:30,879.0,24.6,29.9
15/02/2025 21:30:30,885.0,24.6,29.9
15/02/2025 21:35:29,882.0,24.6,29.8
15/02/2025 21:40:29,883.0,24.6,29.8
15/02/2025 21:45:29,889.0,24.7,29.7
15/02/2025 21:52:19,881.0,24.7,29.8
15/02/2025 21:57:14,897.0,24.7,29.8
15/02/2025 22:02:14,886.0,24.6,29.8
15/02/2025 22:05:28,878.0,24.6,29.8
15/02/2025 22:10:29,891.0,24.6,29.8
15/02/2025 22:15:28,883.0,24.6,29.8
15/02/2025 22:20:28,881.0,24.6,29.8
15/02/2025 22:25:28,890.0,24.6,29.8
15/02/2025 22:30:28,897.0,24.7,29.7
15/02/2025 22:35:27,889.0,24.7,29.7
15/02/2025 22:40:29,881.0,24.7,29.7
15/02/2025 22:45:27,902.0,24.7,29.7
15/02/2025 22:50:27,894.0,24.8,29.6
15/02/2025 22:55:27,889.0,24.7,29.7
15/02/2025 23:00:27,892.0,24.7,29.7
15/02/2025 23:05:26,894.0,24.7,29.7
15/02/2025 23:10:27,893.0,24.7,29.7
15/02/2025 23:15:27,891.0,24.7,29.6
15/02/2025 23:20:27,894.0,24.7,29.6
15/02/2025 23:25:27,884.0,24.7,29.6
15/02/2025 23:30:26,899.0,24.7,29.6
15/02/2025 23:35:27,895.0,24.8,29.6
15/02/2025 23:40:28,900.0,24.8,29.6
15/02/2025 23:45:28,902.0,24.8,29.6
15/02/2025 23:50:28,899.0,24.8,29.6
15/02/2025 23:55:28,904.0,24.8,29.6
16/02/2025 00:00:29,905.0,24.7,29.6
16/02/2025 00:05:29,905.0,24.7,29.6
16/02/2025 00:10:29,901.0,24.8,29.6
16/02/2025 00:15:29,910.0,24.7,29.6
16/02/2025 00:20:28,899.0,24.7,29.5
16/02/2025 00:25:28,909.0,24.7,29.5
16/02/2025 00:30:29,903.0,24.7,29.5
16/02/2025 00:35:28,901.0,24.7,29.5
16/02/2025 00:40:28,909.0,24.7,29.6
16/02/2025 00:45:28,897.0,24.7,29.6
16/02/2025 00:50:27,897.0,24.7,29.6
16/02/2025 00:55:27,904.0,24.7,29.5
16/02/2025 01:00:27,902.0,24.6,29.6
16/02/2025 01:05:26,895.0,24.7,29.6
16/02/2025 01:10:26,901.0,24.6,29.5
16/02/2025 01:15:26,912.0,24.7,29.5
16/02/2025 01:20:25,906.0,24.7,29.5
16/02/2025 01:25:25,899.0,24.7,29.5
16/02/2025 01:30:26,898.0,24.7,29.4
16/02/2025 01:35:25,904.0,24.6,29.5
16/02/2025 01:40:25,909.0,24.6,29.4
16/02/2025 01:45:25,911.0,24.6,29.5
16/02/2025 01:50:25,901.0,24.7,29.4
16/02/2025 01:55:24,905.0,24.7,29.4
16/02/2025 02:00:24,909.0,24.7,29.4
16/02/2025 02:05:24,909.0,24.7,29.4
16/02/2025 02:10:24,901.0,24.7,29.4
16/02/2025 02:15:24,901.0,24.6,29.4
16/02/2025 02:20:24,911.0,24.7,29.4
16/02/2025 02:25:23,906.0,24.6,29.5
16/02/2025 02:30:23,898.0,24.6,29.5
16/02/2025 02:35:24,900.0,24.7,29.4
16/02/2025 02:40:23,903.0,24.6,29.4
16/02/2025 02:45:23,900.0,24.6,29.4
16/02/2025 02:50:23,910.0,24.6,29.5
16/02/2025 02:55:22,915.0,24.5,29.5
16/02/2025 03:00:22,915.0,24.6,29.4
16/02/2025 03:05:22,912.0,24.6,29.4
16/02/2025 03:10:23,901.0,24.6,29.4
16/02/2025 03:15:23,915.0,24.5,29.5
16/02/2025 03:20:00,908.0,24.4,29.6
16/02/2025 03:25:00,909.0,24.5,29.5
16/02/2025 03:29:43,915.0,24.5,29.5
16/02/2025 03:34:43,911.0,24.6,29.5
16/02/2025 03:39:43,901.0,24.5,29.5
16/02/2025 03:44:42,906.0,24.5,29.5
16/02/2025 04:05:56,904.0,24.5,29.4
16/02/2025 04:10:57,906.0,24.5,29.4
16/02/2025 04:15:57,905.0,24.5,29.5
16/02/2025 04:20:56,908.0,24.5,29.4
16/02/2025 04:25:56,906.0,24.5,29.4
16/02/2025 04:30:58,907.0,24.4,29.5
16/02/2025 04:35:57,903.0,24.4,29.5
16/02/2025 04:40:58,902.0,24.4,29.5
16/02/2025 04:45:57,912.0,24.4,29.4
16/02/2025 04:50:57,897.0,24.4,29.4
16/02/2025 04:55:57,899.0,24.5,29.3
16/02/2025 05:00:57,903.0,24.4,29.4
16/02/2025 05:05:59,904.0,24.5,29.3
16/02/2025 05:10:58,908.0,24.5,29.3
16/02/2025 05:15:58,909.0,24.5,29.3
16/02/2025 05:20:58,898.0,24.4,29.4
16/02/2025 05:25:57,902.0,24.4,29.4
16/02/2025 05:30:57,910.0,24.4,29.3
16/02/2025 05:35:57,914.0,24.5,29.3
16/02/2025 05:40:56,902.0,24.5,29.3
16/02/2025 05:45:56,903.0,24.4,29.4
16/02/2025 05:50:56,905.0,24.5,29.3
16/02/2025 05:55:56,904.0,24.5,29.2
16/02/2025 06:00:55,908.0,24.6,29.2
16/02/2025 06:05:56,899.0,24.6,29.2
16/02/2025 06:10:56,903.0,24.6,29.2
16/02/2025 06:15:56,900.0,24.6,29.2
16/02/2025 06:20:56,900.0,24.5,29.3
16/02/2025 06:25:55,903.0,24.5,29.3
16/02/2025 06:30:55,898.0,24.6,29.3
16/02/2025 06:35:55,903.0,24.5,29.3
16/02/2025 06:40:55,898.0,24.5,29.3
16/02/2025 06:45:55,895.0,24.5,29.2
16/02/2025 06:50:54,900.0,24.5,29.3
16/02/2025 06:55:55,889.0,24.5,29.3
16/02/2025 07:00:54,904.0,24.4,29.4
16/02/2025 07:05:54,908.0,24.3,29.4
16/02/2025 07:10:54,910.0,24.3,29.4
16/02/2025 07:15:58,909.0,24.3,29.4
16/02/2025 07:20:53,918.0,24.2,29.5
16/02/2025 07:25:53,911.0,24.3,29.4
16/02/2025 07:30:53,910.0,24.2,29.4
16/02/2025 07:35:53,905.0,24.2,29.4
16/02/2025 07:40:53,916.0,24.2,29.4
16/02/2025 07:45:53,909.0,24.2,29.4
16/02/2025 07:50:53,910.0,24.2,29.4
16/02/2025 07:55:55,901.0,24.2,29.5
16/02/2025 08:00:54,914.0,24.1,29.5
16/02/2025 08:05:54,909.0,23.9,29.8
16/02/2025 08:10:53,915.0,23.7,30.1
16/02/2025 08:15:53,919.0,23.5,30.2
16/02/2025 08:20:53,911.0,23.4,30.4
16/02/2025 08:25:54,902.0,23.3,30.4
16/02/2025 08:30:53,926.0,23.3,30.4
16/02/2025 08:35:52,917.0,23.3,30.4
16/02/2025 08:40:52,912.0,23.1,30.5
16/02/2025 08:45:52,918.0,23.0,30.5
16/02/2025 08:50:52,924.0,22.9,30.6
16/02/2025 08:55:52,920.0,23.0,30.6
16/02/2025 09:00:52,923.0,22.9,30.6
16/02/2025 09:05:53,914.0,22.9,30.7
16/02/2025 09:10:52,927.0,22.8,30.7
16/02/2025 09:15:52,922.0,22.7,30.8
16/02/2025 09:20:52,920.0,22.6,30.9
16/02/2025 09:25:52,925.0,22.6,30.9
16/02/2025 09:30:52,915.0,22.6,30.9
16/02/2025 09:35:51,910.0,22.6,30.9
16/02/2025 09:40:51,918.0,22.6,31.0
16/02/2025 09:45:51,898.0,22.5,31.0
16/02/2025 09:50:51,938.0,22.6,31.0
16/02/2025 09:55:51,899.0,22.6,31.0
16/02/2025 10:00:50,926.0,22.6,31.0
16/02/2025 10:05:50,933.0,22.6,31.0
16/02/2025 10:10:51,922.0,22.7,31.0
16/02/2025 10:15:51,932.0,22.7,30.9
16/02/2025 10:20:50,917.0,22.7,31.0
16/02/2025 10:25:50,924.0,22.7,31.1
16/02/2025 10:30:50,913.0,22.7,31.0
16/02/2025 10:35:49,930.0,22.8,30.9
16/02/2025 10:40:49,916.0,22.9,31.0
16/02/2025 10:45:50,906.0,22.8,31.0
16/02/2025 10:50:50,925.0,22.9,31.0
16/02/2025 10:55:49,910.0,23.0,30.9
16/02/2025 11:00:49,910.0,23.0,31.0
16/02/2025 11:05:49,911.0,23.0,31.0
16/02/2025 11:10:49,920.0,23.1,31.0
16/02/2025 11:15:48,906.0,23.1,31.0
16/02/2025 11:20:48,920.0,23.2,31.0
16/02/2025 11:25:49,932.0,23.1,31.0
16/02/2025 11:30:48,901.0,23.1,31.1
16/02/2025 11:35:48,918.0,23.1,31.1
16/02/2025 11:40:48,911.0,23.1,31.1
16/02/2025 11:45:48,911.0,23.3,31.0
16/02/2025 11:50:49,921.0,23.2,31.1
16/02/2025 11:55:48,914.0,23.2,31.1
16/02/2025 12:00:48,909.0,23.2,31.1
16/02/2025 12:05:47,922.0,23.2,31.1
16/02/2025 12:10:47,908.0,23.3,31.1
16/02/2025 12:15:47,901.0,23.2,31.1
16/02/2025 12:20:46,918.0,23.3,31.1
16/02/2025 12:25:48,931.0,23.3,31.1
16/02/2025 12:30:47,918.0,23.4,31.0
16/02/2025 12:35:48,925.0,23.4,31.0
16/02/2025 12:40:47,926.0,23.6,30.9
16/02/2025 12:45:46,923.0,23.5,31.0
16/02/2025 12:50:47,936.0,23.5,31.0
16/02/2025 12:55:46,928.0,23.5,31.1
16/02/2025 13:00:46,916.0,23.5,31.0
16/02/2025 13:05:47,940.0,23.6,30.9
16/02/2025 13:10:47,924.0,23.7,30.9
16/02/2025 13:15:47,907.0,23.6,31.0
16/02/2025 13:20:49,918.0,23.6,31.0
16/02/2025 13:25:47,909.0,23.6,31.0
16/02/2025 13:30:48,914.0,23.7,30.9
16/02/2025 13:35:47,921.0,23.6,31.0
16/02/2025 13:40:47,896.0,23.6,31.0
16/02/2025 13:45:47,898.0,23.7,31.0
16/02/2025 13:50:46,898.0,23.8,30.9
16/02/2025 13:55:46,916.0,23.8,30.9
16/02/2025 14:00:46,899.0,23.7,31.0
16/02/2025 14:05:47,907.0,23.7,31.0
16/02/2025 14:10:46,888.0,23.8,30.9
16/02/2025 14:15:46,906.0,23.7,31.0
16/02/2025 14:20:46,907.0,23.7,31.0
16/02/2025 14:25:46,899.0,23.7,31.0
16/02/2025 14:30:45,903.0,23.8,31.0
16/02/2025 14:35:45,899.0,23.8,31.0
16/02/2025 14:40:45,925.0,23.8,31.0
16/02/2025 14:45:45,916.0,23.6,31.2
16/02/2025 14:50:45,913.0,23.5,31.1
16/02/2025 14:55:44,905.0,23.6,31.1
16/02/2025 15:00:44,908.0,23.7,31.0
16/02/2025 15:05:43,908.0,23.6,31.2
16/02/2025 15:10:43,910.0,23.5,31.1
16/02/2025 15:15:43,903.0,23.5,31.1
16/02/2025 15:20:43,916.0,23.5,31.2
16/02/2025 15:25:43,913.0,23.5,31.1
16/02/2025 15:30:43,902.0,23.5,31.1
16/02/2025 15:35:42,899.0,23.4,31.2
16/02/2025 15:40:42,925.0,23.4,31.2
16/02/2025 15:45:42,918.0,23.4,31.2
16/02/2025 15:50:42,894.0,23.5,31.1
16/02/2025 15:55:41,908.0,23.5,31.1
16/02/2025 16:00:41,904.0,23.5,31.1
16/02/2025 16:05:41,904.0,23.6,31.1
16/02/2025 16:10:40,903.0,23.6,31.1
16/02/2025 16:15:40,911.0,23.5,31.2
16/02/2025 16:20:40,896.0,23.4,31.2
16/02/2025 16:25:39,921.0,23.5,31.1
16/02/2025 16:30:39,926.0,23.5,31.1
16/02/2025 16:35:40,905.0,23.3,31.3
16/02/2025 16:40:40,905.0,23.4,31.2
16/02/2025 16:45:39,894.0,23.4,31.2
16/02/2025 16:50:39,908.0,23.2,31.3
16/02/2025 16:55:38,908.0,23.3,31.2
16/02/2025 17:00:38,901.0,23.4,31.0
16/02/2025 17:05:38,899.0,23.5,30.9
16/02/2025 17:10:38,891.0,23.5,30.8
16/02/2025 17:15:38,905.0,23.7,30.7
16/02/2025 17:20:38,893.0,23.3,31.0
16/02/2025 17:25:38,893.0,23.3,30.9
16/02/2025 17:30:37,898.0,23.4,30.9
16/02/2025 17:35:37,908.0,23.6,30.7
16/02/2025 17:40:36,910.0,23.6,30.8
16/02/2025 17:45:36,898.0,23.7,30.8
16/02/2025 17:50:36,907.0,23.8,30.6
16/02/2025 17:55:37,914.0,23.9,30.5
16/02/2025 18:00:36,914.0,24.0,30.4
16/02/2025 18:05:36,883.0,24.1,30.3
16/02/2025 18:10:36,899.0,24.3,30.3
16/02/2025 18:15:35,900.0,24.3,30.2
16/02/2025 18:20:36,884.0,24.4,30.2
16/02/2025 18:25:36,878.0,24.4,30.2
16/02/2025 18:30:36,885.0,24.4,30.2
16/02/2025 18:35:37,894.0,24.4,30.2
16/02/2025 18:40:36,890.0,24.4,30.2
16/02/2025 18:45:36,891.0,24.5,30.1
16/02/2025 18:50:37,878.0,24.5,30.1
16/02/2025 18:55:36,884.0,24.5,30.1
16/02/2025 19:00:36,880.0,24.6,30.0
16/02/2025 19:05:36,878.0,24.6,30.0
16/02/2025 19:10:36,886.0,24.6,30.1
16/02/2025 19:15:37,883.0,24.6,30.1
16/02/2025 19:20:14,881.0,24.6,30.0
16/02/2025 19:25:13,886.0,24.7,30.0
16/02/2025 19:29:57,905.0,24.7,30.0
16/02/2025 19:34:57,891.0,24.8,30.0
16/02/2025 19:39:57,883.0,24.8,30.0
16/02/2025 19:44:57,876.0,24.7,30.0
16/02/2025 20:04:55,880.0,24.8,30.0
16/02/2025 20:06:11,887.0,24.8,30.0
16/02/2025 20:11:11,884.0,24.8,30.0
16/02/2025 20:16:10,887.0,24.8,30.0
16/02/2025 20:21:10,876.0,24.8,30.0
16/02/2025 20:26:10,881.0,24.9,30.0
16/02/2025 20:31:09,889.0,24.9,30.0
16/02/2025 20:36:09,879.0,25.0,29.9
16/02/2025 20:41:10,878.0,24.9,29.9
16/02/2025 20:46:10,876.0,25.0,29.9
16/02/2025 20:51:08,880.0,25.0,29.9
16/02/2025 20:56:08,882.0,25.0,29.9
16/02/2025 21:01:08,894.0,25.0,29.9
16/02/2025 21:04:52,882.0,25.1,29.9
16/02/2025 21:06:07,887.0,25.0,29.9
16/02/2025 21:11:08,887.0,25.0,29.9
16/02/2025 21:16:08,879.0,25.0,29.9
16/02/2025 21:21:08,887.0,25.1,29.9
16/02/2025 21:26:08,887.0,25.1,30.0
16/02/2025 21:31:07,894.0,25.1,29.9
16/02/2025 21:36:07,887.0,25.1,29.9
16/02/2025 21:41:06,897.0,25.2,29.9
16/02/2025 21:46:06,889.0,25.3,29.8
16/02/2025 21:51:06,889.0,25.3,29.8
16/02/2025 21:56:05,884.0,25.3,29.8
16/02/2025 22:01:06,897.0,25.3,29.9
16/02/2025 22:04:50,884.0,25.4,29.8
16/02/2025 22:06:06,891.0,25.4,29.8
16/02/2025 22:11:05,884.0,25.4,29.8
16/02/2025 22:16:05,893.0,25.4,29.8
16/02/2025 22:21:04,904.0,25.5,29.7
16/02/2025 22:26:04,893.0,25.4,29.8
16/02/2025 22:31:03,893.0,25.4,29.9
16/02/2025 22:36:04,901.0,25.4,29.9
16/02/2025 22:41:03,905.0,25.4,29.8
16/02/2025 22:46:03,902.0,25.4,29.9
16/02/2025 22:51:03,901.0,25.5,29.8
16/02/2025 22:56:02,900.0,25.5,29.8
16/02/2025 23:01:03,913.0,25.5,29.9
16/02/2025 23:04:48,900.0,25.5,29.8
16/02/2025 23:06:02,899.0,25.5,29.8
16/02/2025 23:11:03,900.0,25.5,29.8
16/02/2025 23:16:03,905.0,25.5,29.9
16/02/2025 23:21:02,908.0,25.6,29.8
16/02/2025 23:26:03,901.0,25.5,29.8
16/02/2025 23:31:02,898.0,25.5,29.8
16/02/2025 23:36:02,911.0,25.5,29.8
16/02/2025 23:41:03,906.0,25.6,29.8
16/02/2025 23:46:03,904.0,25.6,29.7
16/02/2025 23:51:02,903.0,25.6,29.8
16/02/2025 23:56:02,909.0,25.6,29.8
17/02/2025 00:01:02,909.0,25.5,29.8
17/02/2025 00:04:47,907.0,25.6,29.8
17/02/2025 00:06:02,911.0,25.6,29.8
17/02/2025 00:11:03,908.0,25.6,29.8
17/02/2025 00:16:03,909.0,25.7,29.7
17/02/2025 00:21:03,904.0,25.7,29.7
17/02/2025 00:26:03,905.0,25.7,29.8
17/02/2025 00:31:04,906.0,25.7,29.7
17/02/2025 00:36:04,909.0,25.7,29.8
17/02/2025 00:41:04,913.0,25.7,29.7
17/02/2025 00:46:03,908.0,25.7,29.7
17/02/2025 00:51:03,914.0,25.7,29.7
17/02/2025 00:56:04,904.0,25.7,29.7
17/02/2025 01:01:05,913.0,25.7,29.7
17/02/2025 01:04:49,905.0,25.7,29.7
17/02/2025 01:06:04,915.0,25.7,29.7
17/02/2025 01:11:04,908.0,25.7,29.7
17/02/2025 01:16:05,907.0,25.7,29.7
17/02/2025 01:21:05,926.0,25.6,29.7
17/02/2025 01:26:05,914.0,25.6,29.7
17/02/2025 01:31:04,922.0,25.6,29.7
17/02/2025 01:36:04,917.0,25.5,29.7
17/02/2025 01:41:04,920.0,25.5,29.7
17/02/2025 01:46:04,911.0,25.6,29.7
17/02/2025 01:51:04,911.0,25.5,29.7
17/02/2025 01:56:04,920.0,25.6,29.6
17/02/2025 02:01:03,911.0,25.7,29.6
17/02/2025 02:04:47,911.0,25.6,29.6
17/02/2025 02:06:02,917.0,25.6,29.6
17/02/2025 02:11:02,920.0,25.5,29.7
17/02/2025 02:16:04,911.0,25.6,29.7
17/02/2025 02:21:04,919.0,25.6,29.7
17/02/2025 02:26:03,909.0,25.6,29.6
17/02/2025 02:31:02,916.0,25.6,29.7
17/02/2025 02:36:02,907.0,25.6,29.6
17/02/2025 02:41:02,907.0,25.6,29.5
17/02/2025 02:46:01,909.0,25.6,29.6
17/02/2025 02:51:02,914.0,25.7,29.5
17/02/2025 02:56:02,907.0,25.6,29.6
17/02/2025 03:01:02,907.0,25.6,29.5
17/02/2025 03:04:46,904.0,25.7,29.5
17/02/2025 03:06:02,907.0,25.7,29.5
17/02/2025 03:11:02,909.0,25.6,29.5
17/02/2025 03:16:02,909.0,25.7,29.5
17/02/2025 03:21:01,918.0,25.6,29.5
17/02/2025 03:26:01,906.0,25.6,29.5
17/02/2025 03:31:01,910.0,25.5,29.5
17/02/2025 03:36:00,908.0,25.6,29.5
17/02/2025 03:41:00,918.0,25.5,29.5
17/02/2025 03:46:00,922.0,25.6,29.5
17/02/2025 03:51:00,905.0,25.5,29.4
17/02/2025 03:56:00,914.0,25.4,29.5
17/02/2025 04:00:59,916.0,25.5,29.4
17/02/2025 04:04:43,906.0,25.4,29.4
17/02/2025 04:05:59,914.0,25.5,29.4
17/02/2025 04:10:59,909.0,25.4,29.4
17/02/2025 04:15:58,907.0,25.4,29.4
17/02/2025 04:20:58,921.0,25.4,29.4
17/02/2025 04:25:59,900.0,25.3,29.4
17/02/2025 04:30:59,907.0,25.4,29.4
17/02/2025 04:35:59,905.0,25.3,29.4
17/02/2025 04:40:58,907.0,25.2,29.4
17/02/2025 04:45:58,907.0,25.3,29.4
17/02/2025 04:50:58,907.0,25.3,29.4
17/02/2025 04:55:58,908.0,25.3,29.3
17/02/2025 05:00:59,905.0,25.2,29.3
17/02/2025 05:04:44,912.0,25.2,29.3
17/02/2025 05:05:58,908.0,25.2,29.3
17/02/2025 05:10:58,906.0,25.2,29.3
17/02/2025 05:15:58,905.0,25.2,29.3
17/02/2025 05:20:58,908.0,25.2,29.3
17/02/2025 05:25:58,900.0,25.2,29.3
17/02/2025 05:30:58,910.0,25.1,29.3
17/02/2025 05:35:58,900.0,25.2,29.3
17/02/2025 05:40:57,904.0,25.2,29.3
17/02/2025 05:45:57,912.0,25.1,29.3
17/02/2025 05:50:57,903.0,25.1,29.3
17/02/2025 05:55:57,901.0,25.1,29.2
17/02/2025 06:00:56,911.0,25.1,29.2
17/02/2025 06:05:56,902.0,25.1,29.2
17/02/2025 06:10:56,919.0,25.1,29.2
17/02/2025 06:15:56,908.0,25.1,29.2
17/02/2025 06:20:56,904.0,25.0,29.2
17/02/2025 06:25:55,905.0,25.0,29.2
17/02/2025 06:30:55,900.0,25.1,29.2
17/02/2025 06:35:55,906.0,25.0,29.2
17/02/2025 06:40:54,904.0,25.0,29.2
17/02/2025 06:45:54,899.0,25.0,29.2
17/02/2025 06:50:54,911.0,25.0,29.1
17/02/2025 06:55:54,898.0,25.0,29.1
17/02/2025 07:00:55,890.0,25.0,29.1
17/02/2025 07:05:55,904.0,25.0,29.1
17/02/2025 07:10:55,898.0,25.0,29.1
17/02/2025 07:15:55,897.0,25.0,29.1
17/02/2025 07:20:55,911.0,25.0,29.1
17/02/2025 07:25:54,903.0,25.0,29.1
17/02/2025 07:30:54,925.0,24.9,29.1
17/02/2025 07:35:54,913.0,24.9,29.1
17/02/2025 07:40:53,901.0,24.8,29.2
17/02/2025 07:45:53,918.0,24.8,29.3
17/02/2025 07:50:53,904.0,24.7,29.3
17/02/2025 07:55:53,924.0,24.7,29.3
17/02/2025 08:00:53,930.0,24.8,29.4
17/02/2025 08:07:46,926.0,24.4,29.8
17/02/2025 08:12:38,928.0,24.3,29.9
17/02/2025 08:17:37,908.0,24.2,29.9
17/02/2025 08:22:37,906.0,24.1,30.0
17/02/2025 09:05:50,925.0,24.1,30.4
17/02/2025 09:10:50,900.0,24.2,30.4
17/02/2025 09:15:50,896.0,24.3,30.3
17/02/2025 09:20:50,924.0,24.2,30.4
17/02/2025 09:25:51,928.0,24.4,30.3
17/02/2025 09:30:27,876.0,24.4,30.4
17/02/2025 09:35:27,911.0,24.3,30.5
17/02/2025 09:40:26,934.0,24.5,30.3
17/02/2025 09:45:27,892.0,24.5,30.4
17/02/2025 09:50:27,902.0,27.4,28.1
17/02/2025 09:55:27,909.0,33.3,23.5
17/02/2025 10:00:26,916.0,36.7,21.7
17/02/2025 10:05:26,917.0,38.3,21.1
17/02/2025 10:10:26,912.0,39.2,20.9
17/02/2025 10:15:26,924.0,39.7,20.8
17/02/2025 10:20:25,905.0,40.0,20.8
17/02/2025 10:25:26,946.0,40.3,20.8
17/02/2025 10:30:25,905.0,40.5,20.8
17/02/2025 10:35:25,945.0,40.7,20.9
17/02/2025 10:40:25,1018.0,41.0,20.9
17/02/2025 10:45:24,1010.0,41.0,20.9
17/02/2025 10:50:24,1018.0,41.2,21.0
17/02/2025 10:55:24,1016.0,41.5,21.0
17/02/2025 11:00:23,1012.0,41.4,21.0
17/02/2025 11:05:23,1018.0,41.5,21.1
17/02/2025 11:10:23,1014.0,41.6,21.1
17/02/2025 11:15:23,1012.0,41.7,21.1
17/02/2025 11:20:22,1014.0,41.8,21.1
17/02/2025 11:25:23,1015.0,41.9,21.2
17/02/2025 11:30:22,1015.0,42.0,21.2
17/02/2025 11:35:22,1015.0,42.0,21.2
17/02/2025 11:40:21,1007.0,42.0,21.2
17/02/2025 11:45:22,1004.0,42.0,21.2
17/02/2025 11:50:22,1008.0,42.1,21.2
17/02/2025 11:55:21,1018.0,42.2,21.3
17/02/2025 12:00:21,1016.0,42.2,21.3
17/02/2025 12:05:21,1018.0,42.2,21.3
17/02/2025 12:10:20,1018.0,42.3,21.3
17/02/2025 12:15:20,1014.0,42.3,21.3
17/02/2025 12:20:20,1014.0,42.2,21.4
17/02/2025 12:25:21,1018.0,42.3,21.4
17/02/2025 12:30:20,1018.0,42.3,21.4
17/02/2025 12:35:21,1018.0,42.4,21.4
17/02/2025 12:40:21,1018.0,42.4,21.4
17/02/2025 12:45:20,1018.0,42.5,21.4
17/02/2025 12:50:20,1018.0,42.5,21.4
17/02/2025 12:55:26,1018.0,42.5,21.4
17/02/2025 13:00:20,1017.0,42.6,21.4
17/02/2025 13:10:19,1016.0,36.4,25.6
17/02/2025 13:15:20,1018.0,31.8,28.1
17/02/2025 13:20:20,1016.0,29.6,29.4
17/02/2025 13:25:18,1018.0,28.3,30.3
17/02/2025 13:30:21,1016.0,27.4,30.8
17/02/2025 13:35:20,1018.0,26.9,31.2
17/02/2025 13:40:20,1018.0,26.5,31.4
17/02/2025 13:45:20,1018.0,26.0,31.8
17/02/2025 13:50:20,1018.0,25.7,32.1
17/02/2025 13:55:22,1018.0,25.5,32.3
17/02/2025 14:00:21,1016.0,25.2,32.5
17/02/2025 14:05:21,1014.0,25.0,32.7
17/02/2025 14:10:21,1018.0,25.0,32.8
17/02/2025 14:15:21,1018.0,24.8,32.9
17/02/2025 14:20:20,1018.0,24.7,33.0
17/02/2025 14:25:21,1018.0,24.6,33.2
17/02/2025 14:30:21,1018.0,24.4,33.2
17/02/2025 14:35:20,1016.0,24.4,33.3
17/02/2025 14:40:21,1018.0,24.4,33.3
17/02/2025 14:45:20,989.0,24.4,33.3
17/02/2025 14:50:20,998.0,24.7,33.2
17/02/2025 14:55:21,1001.0,24.5,33.3
17/02/2025 15:00:21,996.0,24.5,33.3
17/02/2025 15:05:21,1005.0,24.4,33.3
17/02/2025 15:10:21,1006.0,24.4,33.4
17/02/2025 15:15:20,991.0,24.3,33.4
17/02/2025 15:20:20,990.0,24.3,33.3
17/02/2025 15:25:20,997.0,24.3,33.3
17/02/2025 15:30:21,996.0,24.4,33.3
17/02/2025 15:35:20,1002.0,24.4,33.3
17/02/2025 15:40:22,1003.0,24.3,33.4
17/02/2025 15:45:22,995.0,24.2,33.4
17/02/2025 15:50:21,1007.0,24.3,33.2
17/02/2025 15:55:22,1004.0,24.2,33.2
17/02/2025 16:00:21,1010.0,24.2,33.2
17/02/2025 16:05:21,998.0,24.2,33.3
17/02/2025 16:10:21,986.0,24.2,33.3
17/02/2025 16:15:21,1001.0,24.3,33.1
17/02/2025 16:20:21,999.0,24.3,33.1
17/02/2025 16:25:21,993.0,24.4,33.0
17/02/2025 16:30:21,997.0,24.5,33.0
17/02/2025 16:35:20,992.0,24.4,33.1
17/02/2025 16:40:20,1000.0,24.3,33.2
17/02/2025 16:45:21,997.0,24.2,33.2
17/02/2025 16:50:21,997.0,24.4,33.2
17/02/2025 16:55:20,1004.0,24.3,33.3
17/02/2025 17:00:21,1008.0,24.3,33.2
17/02/2025 17:05:22,995.0,24.2,33.4
17/02/2025 17:10:21,1008.0,24.3,33.3
17/02/2025 17:15:21,1012.0,24.3,33.3
17/02/2025 17:20:21,1011.0,24.3,33.1
17/02/2025 17:25:20,1007.0,24.3,33.1
17/02/2025 17:30:20,1009.0,24.3,33.0
17/02/2025 17:35:20,1008.0,24.2,33.0
17/02/2025 17:40:19,1003.0,24.2,32.9
17/02/2025 17:45:20,1005.0,24.2,32.9
17/02/2025 17:50:19,1008.0,24.1,32.9
17/02/2025 17:55:18,1009.0,24.1,32.8
17/02/2025 18:00:19,1003.0,24.1,32.8
17/02/2025 18:05:19,1000.0,24.0,32.9
17/02/2025 18:10:20,1005.0,24.0,32.8
17/02/2025 18:15:19,1007.0,24.0,32.8
17/02/2025 18:20:19,1002.0,23.9,32.8
17/02/2025 18:25:18,1002.0,23.9,32.8
17/02/2025 18:30:20,1014.0,24.0,32.7
17/02/2025 18:35:19,1004.0,24.0,32.7
17/02/2025 18:40:19,1002.0,24.1,32.6
17/02/2025 18:45:19,1007.0,24.1,32.6
17/02/2025 18:50:18,998.0,24.1,32.5
17/02/2025 18:55:18,1009.0,24.1,32.4
17/02/2025 19:00:18,1006.0,24.2,32.4
17/02/2025 19:05:17,999.0,24.2,32.3
17/02/2025 19:10:19,1004.0,24.2,32.3
17/02/2025 19:15:18,1007.0,24.3,32.2
17/02/2025 19:20:18,1006.0,24.2,32.3
17/02/2025 19:25:19,993.0,24.2,32.3
17/02/2025 19:30:19,1009.0,24.2,32.3
17/02/2025 19:35:20,1008.0,24.2,32.3
17/02/2025 19:40:19,1006.0,24.1,32.3
17/02/2025 19:45:20,1003.0,24.2,32.2
17/02/2025 19:50:20,1007.0,24.1,32.3
17/02/2025 19:55:20,1006.0,24.2,32.2
17/02/2025 20:00:21,1006.0,24.1,32.2
17/02/2025 20:05:20,1004.0,24.1,32.3
17/02/2025 20:10:20,1011.0,24.1,32.2
17/02/2025 20:15:20,1009.0,24.1,32.2
17/02/2025 20:20:19,1003.0,24.1,32.2
17/02/2025 20:25:18,1010.0,24.1,32.2
17/02/2025 20:30:19,1012.0,24.0,32.2
17/02/2025 20:35:19,1008.0,24.1,32.2
17/02/2025 20:40:19,1002.0,24.0,32.2
17/02/2025 20:45:18,1010.0,24.0,32.2
17/02/2025 20:50:19,1011.0,24.0,32.2
17/02/2025 20:54:56,1011.0,24.0,32.1
17/02/2025 20:59:56,1000.0,24.0,32.1
17/02/2025 21:04:55,1008.0,24.0,32.2
17/02/2025 21:05:56,1002.0,24.0,32.2
17/02/2025 21:10:55,1008.0,23.9,32.2
17/02/2025 21:15:55,1007.0,23.9,32.2
17/02/2025 21:20:55,1006.0,23.9,32.2
17/02/2025 21:25:55,1003.0,23.9,32.1
17/02/2025 21:30:55,1007.0,23.8,32.1
17/02/2025 21:35:54,1008.0,23.9,32.2
17/02/2025 21:40:54,1007.0,23.9,32.1
17/02/2025 21:45:54,1007.0,23.9,32.1
17/02/2025 21:50:54,1004.0,23.8,32.1
17/02/2025 21:55:54,1007.0,23.9,32.1
17/02/2025 22:00:54,1003.0,23.9,32.1
17/02/2025 22:05:54,998.0,23.9,32.0
17/02/2025 22:10:54,1002.0,23.9,32.0
17/02/2025 22:15:53,1010.0,23.9,32.0
17/02/2025 22:20:52,1005.0,23.8,32.1
17/02/2025 22:25:52,1004.0,23.9,32.0
17/02/2025 22:30:53,1007.0,23.9,32.0
17/02/2025 22:35:52,1003.0,23.9,32.0
17/02/2025 22:40:53,1006.0,23.9,32.0
17/02/2025 22:45:53,1007.0,23.8,32.0
17/02/2025 22:50:52,1008.0,23.9,31.9
17/02/2025 22:55:53,1010.0,23.9,31.9
17/02/2025 23:00:53,1005.0,23.9,31.9
17/02/2025 23:05:52,1008.0,23.9,31.9
17/02/2025 23:10:52,1011.0,23.9,31.9
17/02/2025 23:15:52,1012.0,23.9,31.9
17/02/2025 23:20:52,1002.0,23.9,31.9
17/02/2025 23:25:52,1009.0,23.8,31.9
17/02/2025 23:30:52,1008.0,23.9,31.9
17/02/2025 23:35:52,1008.0,23.8,31.9
17/02/2025 23:40:52,998.0,23.8,31.9
17/02/2025 23:45:52,1000.0,23.8,31.9
17/02/2025 23:50:52,1006.0,23.9,31.8
17/02/2025 23:55:53,1012.0,23.8,31.9
18/02/2025 00:00:53,1000.0,23.8,31.9
18/02/2025 00:05:53,998.0,23.8,31.9
18/02/2025 00:10:52,1013.0,23.7,31.9
18/02/2025 00:15:52,1011.0,23.7,31.9
18/02/2025 00:20:52,1009.0,23.7,31.9
18/02/2025 00:25:53,1010.0,23.7,31.9
18/02/2025 00:30:52,1011.0,23.7,31.9
18/02/2025 00:35:52,1005.0,23.6,31.9
18/02/2025 00:40:51,995.0,23.7,31.9
18/02/2025 00:45:51,996.0,23.7,31.9
18/02/2025 00:50:53,1008.0,23.6,31.9
18/02/2025 00:55:53,999.0,23.6,31.9
18/02/2025 01:00:52,995.0,23.6,31.9
18/02/2025 01:05:53,1011.0,23.6,31.9
18/02/2025 01:10:53,992.0,23.6,31.8
18/02/2025 01:15:53,1008.0,23.6,31.9
18/02/2025 01:20:52,1008.0,23.6,31.9
18/02/2025 01:25:53,1003.0,23.6,31.9
18/02/2025 01:30:53,1005.0,23.6,31.8
18/02/2025 01:35:52,1007.0,23.6,31.8
18/02/2025 01:40:52,998.0,23.6,31.8
18/02/2025 01:45:51,1006.0,23.5,31.8
18/02/2025 01:50:51,1005.0,23.6,31.8
18/02/2025 01:55:51,1007.0,23.6,31.8
18/02/2025 02:00:51,1007.0,23.6,31.8
18/02/2025 02:05:50,998.0,23.5,31.8
18/02/2025 02:10:50,1008.0,23.6,31.8
18/02/2025 02:15:50,1007.0,23.5,31.8
18/02/2025 02:20:50,1005.0,23.5,31.8
18/02/2025 02:25:49,1010.0,23.6,31.8
18/02/2025 02:30:51,1003.0,23.5,31.8
18/02/2025 02:35:51,1001.0,23.5,31.8
18/02/2025 02:40:50,1006.0,23.5,31.8
18/02/2025 02:45:50,1005.0,23.5,31.8
18/02/2025 02:50:50,1006.0,23.5,31.8
18/02/2025 02:55:50,996.0,23.4,31.8
18/02/2025 03:00:50,1010.0,23.5,31.8
18/02/2025 03:05:49,996.0,23.5,31.8
18/02/2025 03:10:48,1005.0,23.5,31.8
18/02/2025 03:15:50,998.0,23.5,31.7
18/02/2025 03:20:50,1011.0,23.5,31.7
18/02/2025 03:25:49,1009.0,23.5,31.7
18/02/2025 03:30:50,1002.0,23.5,31.7
18/02/2025 03:35:50,1002.0,23.6,31.6
18/02/2025 03:40:50,1005.0,23.5,31.7
18/02/2025 03:45:51,1008.0,23.5,31.7
18/02/2025 03:50:50,1003.0,23.5,31.7
18/02/2025 03:55:50,995.0,23.6,31.6
18/02/2025 04:00:50,1005.0,23.6,31.6
18/02/2025 04:05:49,1007.0,23.6,31.6
18/02/2025 04:10:48,1003.0,23.6,31.6
18/02/2025 04:15:48,1014.0,23.6,31.6
18/02/2025 04:20:48,1011.0,23.6,31.6
18/02/2025 04:25:48,1013.0,23.6,31.6
18/02/2025 04:30:48,1014.0,23.6,31.6
18/02/2025 04:36:20,1006.0,23.6,31.6
18/02/2025 04:40:47,1005.0,23.5,31.6
18/02/2025 04:45:47,1007.0,23.5,31.6
18/02/2025 04:50:48,1004.0,23.5,31.6
18/02/2025 04:55:47,1002.0,23.5,31.6
18/02/2025 05:00:46,1016.0,23.5,31.6
18/02/2025 05:05:47,997.0,23.5,31.6
18/02/2025 05:10:47,1008.0,23.4,31.6
18/02/2025 05:15:47,1007.0,23.6,31.5
18/02/2025 05:20:47,1010.0,23.5,31.5
18/02/2025 05:25:47,1007.0,23.5,31.5
18/02/2025 05:30:47,1005.0,23.5,31.5
18/02/2025 05:35:47,1011.0,23.5,31.5
18/02/2025 05:40:48,1008.0,23.4,31.5
18/02/2025 05:45:48,997.0,23.5,31.5
18/02/2025 05:50:49,1009.0,23.5,31.5
18/02/2025 05:55:49,1016.0,23.5,31.4
18/02/2025 06:00:48,1018.0,23.6,31.3
18/02/2025 06:05:48,1017.0,23.5,31.4
18/02/2025 06:10:48,1018.0,23.5,31.4
18/02/2025 06:15:47,1016.0,23.5,31.4
18/02/2025 06:20:47,1016.0,23.5,31.4
18/02/2025 06:25:47,1016.0,23.4,31.4
18/02/2025 06:30:46,1016.0,23.5,31.3
18/02/2025 06:35:46,1010.0,23.5,31.3
18/02/2025 06:40:46,1004.0,23.6,31.3
18/02/2025 06:45:47,1016.0,23.6,31.5
18/02/2025 06:50:47,1008.0,23.7,31.5
18/02/2025 06:55:48,1015.0,23.7,31.6
18/02/2025 07:00:47,1006.0,23.7,31.5
18/02/2025 07:05:47,1009.0,23.7,31.5
18/02/2025 07:10:46,1014.0,23.7,31.5
18/02/2025 07:15:46,1007.0,23.7,31.5
18/02/2025 07:20:46,1001.0,23.6,31.6
18/02/2025 07:25:47,1000.0,23.6,31.6
18/02/2025 07:30:46,1010.0,23.6,31.7
18/02/2025 07:35:46,1009.0,23.6,31.7
18/02/2025 07:40:46,1008.0,23.6,31.7
18/02/2025 07:45:45,1011.0,23.7,31.7
18/02/2025 07:50:46,1013.0,23.8,31.8
18/02/2025 07:55:45,1007.0,23.5,32.0
18/02/2025 08:00:46,1004.0,23.4,32.1
18/02/2025 08:05:46,1002.0,23.2,32.1
18/02/2025 08:10:46,1006.0,23.0,32.1
18/02/2025 08:15:46,1009.0,23.0,32.3
18/02/2025 08:20:46,1006.0,22.8,32.4
18/02/2025 08:25:48,1007.0,22.9,32.4
18/02/2025 08:30:24,1007.0,22.8,32.4
18/02/2025 08:35:25,1006.0,22.7,32.5
18/02/2025 08:40:22,1003.0,22.8,32.5
18/02/2025 08:45:24,1012.0,22.8,32.4
18/02/2025 08:50:23,1002.0,22.8,32.5
18/02/2025 08:55:23,1004.0,22.8,32.6
18/02/2025 09:00:23,1000.0,22.9,32.5
18/02/2025 09:05:23,1005.0,22.9,32.5
18/02/2025 09:10:22,997.0,22.9,32.6
18/02/2025 09:15:22,1008.0,22.9,32.8
18/02/2025 09:20:24,994.0,23.0,32.7
18/02/2025 09:25:23,1005.0,23.0,32.8
18/02/2025 09:30:23,993.0,22.9,32.9
18/02/2025 09:35:22,1005.0,22.9,32.8
18/02/2025 09:40:22,1002.0,22.9,32.9
18/02/2025 09:45:22,1003.0,22.8,33.0
18/02/2025 09:50:22,1000.0,22.8,33.1
18/02/2025 09:55:21,1018.0,22.9,33.1
18/02/2025 10:00:23,1014.0,23.1,32.9
18/02/2025 10:05:21,1012.0,23.2,32.9
18/02/2025 10:10:21,1017.0,23.2,33.1
18/02/2025 10:15:22,1015.0,23.3,33.2
18/02/2025 10:25:21,1016.0,30.1,27.4
18/02/2025 10:30:22,1018.0,35.5,23.6
18/02/2025 10:35:22,1016.0,35.7,25.3
18/02/2025 10:40:23,1017.0,29.4,29.4
18/02/2025 10:45:22,1018.0,27.0,31.1
18/02/2025 10:50:22,1018.0,26.1,31.8
18/02/2025 10:55:22,1017.0,25.5,32.3
18/02/2025 11:00:22,1016.0,25.3,32.4
18/02/2025 11:05:23,1013.0,25.2,32.5
18/02/2025 11:10:22,1017.0,25.2,32.6
18/02/2025 11:15:22,1016.0,25.1,32.7
18/02/2025 11:20:22,1017.0,25.1,32.6
18/02/2025 11:25:22,1015.0,25.0,32.6
18/02/2025 11:30:23,1018.0,25.0,32.8
18/02/2025 11:35:22,1013.0,25.0,32.7
18/02/2025 11:40:21,1018.0,25.0,32.7
18/02/2025 11:45:22,1016.0,24.8,32.8
18/02/2025 11:50:21,1016.0,24.9,32.8
18/02/2025 11:55:21,1018.0,24.9,32.9
18/02/2025 12:00:21,1015.0,24.8,32.9
18/02/2025 12:05:22,1017.0,24.9,33.0
18/02/2025 12:10:21,1013.0,24.8,33.2
18/02/2025 12:15:21,1010.0,24.8,33.1
18/02/2025 12:20:21,1016.0,24.9,33.0
18/02/2025 12:25:21,1014.0,24.9,33.0
18/02/2025 12:30:20,1017.0,24.9,33.0
18/02/2025 12:35:20,1018.0,24.9,33.1
18/02/2025 12:40:21,1016.0,25.0,33.1
18/02/2025 12:45:20,1017.0,25.0,33.2
18/02/2025 12:50:21,1015.0,25.0,33.3
18/02/2025 12:55:21,1014.0,25.2,33.2
18/02/2025 13:00:21,1014.0,25.1,33.3
18/02/2025 13:05:20,1015.0,25.2,33.3
18/02/2025 13:10:20,1017.0,25.2,33.3
18/02/2025 13:15:21,1016.0,25.3,33.2
18/02/2025 13:20:20,1014.0,25.2,33.3
18/02/2025 13:25:20,1013.0,25.1,33.4
18/02/2025 13:30:20,1018.0,25.2,33.5
18/02/2025 13:35:19,1018.0,25.1,33.5
18/02/2025 13:40:21,1018.0,25.2,33.5
18/02/2025 13:45:21,1018.0,25.3,33.4
18/02/2025 13:50:21,1018.0,25.3,33.5
18/02/2025 13:55:21,1018.0,25.2,33.5
18/02/2025 14:00:20,1018.0,25.1,33.7
18/02/2025 14:05:21,1016.0,25.1,33.7
18/02/2025 14:10:19,1018.0,25.1,33.7
18/02/2025 14:15:20,1018.0,25.1,33.8
18/02/2025 14:20:21,1016.0,25.2,33.8
18/02/2025 14:25:21,1011.0,25.4,33.7
18/02/2025 14:30:21,1016.0,25.4,33.7
18/02/2025 14:35:20,1012.0,25.5,33.7
18/02/2025 14:40:20,990.0,25.6,33.8
18/02/2025 14:45:19,995.0,25.5,33.7
18/02/2025 14:50:20,998.0,25.6,33.7
18/02/2025 14:55:19,1000.0,25.4,33.6
18/02/2025 15:00:19,1006.0,25.4,33.6
18/02/2025 15:05:20,1011.0,25.5,33.5
18/02/2025 15:10:20,999.0,25.4,33.6
18/02/2025 15:15:20,1002.0,25.4,33.6
18/02/2025 15:20:20,1009.0,25.4,33.5
18/02/2025 15:25:20,1003.0,25.5,33.4
18/02/2025 15:30:19,985.0,25.5,33.4
18/02/2025 15:35:21,999.0,25.5,33.4
18/02/2025 15:40:22,987.0,25.5,33.5
18/02/2025 15:45:22,1000.0,25.3,33.6
18/02/2025 15:50:21,1003.0,25.2,33.6
18/02/2025 15:55:21,1001.0,25.1,33.6
18/02/2025 16:00:20,999.0,25.0,33.6
18/02/2025 16:05:20,1010.0,25.0,33.5
18/02/2025 16:10:20,1004.0,25.0,33.5
18/02/2025 16:15:19,986.0,25.0,33.7
18/02/2025 16:20:19,1009.0,25.0,33.6
18/02/2025 16:25:20,987.0,25.0,33.5
18/02/2025 16:30:22,999.0,25.0,33.5
18/02/2025 16:35:21,990.0,24.9,33.5
18/02/2025 16:40:20,999.0,24.9,33.4
18/02/2025 16:45:21,988.0,24.8,33.5
18/02/2025 16:50:20,1012.0,24.8,33.4
18/02/2025 16:55:20,996.0,24.8,33.5
18/02/2025 17:00:19,999.0,24.9,33.4
18/02/2025 17:05:21,993.0,24.9,33.3
18/02/2025 17:10:20,1000.0,24.9,33.2
18/02/2025 17:15:21,996.0,24.9,33.1
18/02/2025 17:20:20,1003.0,24.8,33.1
18/02/2025 17:25:20,1004.0,24.8,33.1
18/02/2025 17:30:19,995.0,24.8,33.1
18/02/2025 17:40:19,1006.0,24.8,33.0
18/02/2025 17:45:19,1011.0,24.8,33.1
18/02/2025 17:50:19,1008.0,24.8,33.0
18/02/2025 17:55:20,994.0,24.9,33.0
18/02/2025 18:00:19,1000.0,24.9,33.0
18/02/2025 18:05:19,989.0,24.7,33.1
18/02/2025 18:10:20,1015.0,24.7,33.1
18/02/2025 18:15:21,1010.0,24.8,33.0
18/02/2025 18:20:22,1008.0,24.8,33.0
18/02/2025 18:24:59,1007.0,24.9,32.9
18/02/2025 18:29:43,1010.0,24.9,32.9
18/02/2025 18:34:43,996.0,25.0,32.9
18/02/2025 18:39:42,1015.0,25.0,32.9
18/02/2025 18:44:43,994.0,25.0,32.8
18/02/2025 19:05:58,1008.0,25.0,32.8
18/02/2025 19:10:58,1003.0,24.9,32.8
18/02/2025 19:15:58,1005.0,24.9,32.8
18/02/2025 19:20:58,1005.0,25.0,32.8
18/02/2025 19:25:58,1011.0,25.0,32.8
18/02/2025 19:30:58,998.0,24.9,32.8
18/02/2025 19:35:58,993.0,25.0,32.8
18/02/2025 19:40:57,1007.0,25.0,32.7
18/02/2025 19:45:58,1005.0,25.0,32.7
18/02/2025 19:50:58,1015.0,24.9,32.7
18/02/2025 19:55:58,1005.0,25.0,32.7
18/02/2025 20:00:57,1009.0,25.0,32.7
18/02/2025 20:05:58,1008.0,25.0,32.7
18/02/2025 20:10:58,1011.0,25.0,32.7
18/02/2025 20:15:58,1002.0,25.1,32.6
18/02/2025 20:20:58,994.0,25.1,32.6
18/02/2025 20:25:59,1006.0,25.0,32.7
18/02/2025 20:30:58,1008.0,25.1,32.6
18/02/2025 20:35:58,1007.0,25.1,32.6
18/02/2025 20:40:59,1000.0,25.1,32.6
18/02/2025 20:45:58,993.0,25.0,32.6
18/02/2025 20:50:58,1009.0,25.0,32.6
18/02/2025 20:55:58,1008.0,25.1,32.6
18/02/2025 21:00:57,1010.0,25.0,32.6
18/02/2025 21:05:58,1008.0,25.0,32.6
18/02/2025 21:10:58,996.0,25.0,32.6
18/02/2025 21:15:57,1006.0,25.1,32.6
18/02/2025 21:20:57,1006.0,25.0,32.6
18/02/2025 21:25:57,1007.0,25.0,32.6
18/02/2025 21:30:57,1007.0,25.1,32.5
18/02/2025 21:35:56,1007.0,25.1,32.5
18/02/2025 21:40:56,994.0,25.0,32.6
18/02/2025 21:45:56,1003.0,25.0,32.5
18/02/2025 21:50:56,1008.0,25.1,32.5
18/02/2025 21:55:56,1004.0,25.1,32.5
18/02/2025 22:00:57,1011.0,25.0,32.6
18/02/2025 22:05:57,1008.0,25.0,32.6
18/02/2025 22:10:56,1013.0,25.0,32.5
18/02/2025 22:15:57,1000.0,25.0,32.5
18/02/2025 22:20:57,1007.0,25.0,32.5
18/02/2025 22:25:57,1010.0,25.0,32.6
18/02/2025 22:30:57,1010.0,24.9,32.6
18/02/2025 22:35:57,997.0,24.9,32.6
18/02/2025 22:40:57,1001.0,24.9,32.6
18/02/2025 22:45:58,1010.0,24.9,32.5
18/02/2025 22:50:58,1009.0,24.9,32.5
18/02/2025 22:55:58,1014.0,24.9,32.6
18/02/2025 23:00:57,998.0,24.9,32.6
18/02/2025 23:05:58,1001.0,24.9,32.5
18/02/2025 23:10:57,1009.0,24.9,32.5
18/02/2025 23:15:58,1009.0,24.8,32.5
18/02/2025 23:20:57,1014.0,24.8,32.6
18/02/2025 23:25:58,1007.0,24.8,32.6
18/02/2025 23:30:58,1012.0,24.8,32.5
18/02/2025 23:35:58,1006.0,24.8,32.5
18/02/2025 23:40:57,1012.0,24.8,32.6
18/02/2025 23:45:57,998.0,24.8,32.6
18/02/2025 23:50:57,993.0,24.8,32.5
18/02/2025 23:55:57,995.0,24.8,32.5
19/02/2025 00:00:57,1018.0,24.8,32.5
19/02/2025 00:05:57,1000.0,24.8,32.5
19/02/2025 00:10:58,1002.0,24.8,32.5
19/02/2025 00:15:58,997.0,24.9,32.4
19/02/2025 00:20:57,991.0,24.8,32.4
19/02/2025 00:25:57,1010.0,24.9,32.3
19/02/2025 00:30:57,1010.0,24.9,32.4
19/02/2025 00:35:56,1008.0,24.9,32.3
19/02/2025 00:40:57,1005.0,24.8,32.4
19/02/2025 00:45:57,1005.0,24.9,32.3
19/02/2025 00:50:57,1009.0,24.9,32.3
19/02/2025 00:55:56,998.0,24.9,32.3
19/02/2025 01:00:55,1005.0,24.9,32.3
19/02/2025 01:05:56,994.0,24.9,32.3
19/02/2025 01:10:56,1009.0,24.9,32.3
19/02/2025 01:15:56,991.0,24.9,32.3
19/02/2025 01:20:56,997.0,24.9,32.3
19/02/2025 01:25:55,1008.0,24.9,32.2
19/02/2025 01:30:55,1016.0,24.9,32.3
19/02/2025 01:35:55,1010.0,24.9,32.2
19/02/2025 01:40:55,1007.0,24.8,32.3
19/02/2025 01:45:54,997.0,24.9,32.2
19/02/2025 01:50:54,1005.0,24.8,32.2
19/02/2025 01:55:54,1009.0,24.9,32.2
19/02/2025 02:00:54,1010.0,24.8,32.2
19/02/2025 02:05:54,991.0,24.8,32.2
19/02/2025 02:10:54,1008.0,24.9,32.2
19/02/2025 02:15:53,1014.0,24.8,32.2
19/02/2025 02:20:53,1015.0,24.7,32.2
19/02/2025 02:25:53,1012.0,24.8,32.2
19/02/2025 02:30:53,1007.0,24.8,32.2
19/02/2025 02:35:52,1002.0,24.7,32.2
19/02/2025 02:40:53,1008.0,24.8,32.2
19/02/2025 02:45:52,1007.0,24.7,32.2
19/02/2025 02:50:53,1007.0,24.8,32.2
19/02/2025 02:55:53,1007.0,24.7,32.1
19/02/2025 03:00:53,1009.0,24.8,32.1
19/02/2025 03:05:52,1010.0,24.8,32.1
19/02/2025 03:10:52,1007.0,24.8,32.1
19/02/2025 03:15:52,1000.0,24.8,32.1
19/02/2025 03:20:52,1016.0,24.8,32.1
19/02/2025 03:25:52,1014.0,24.8,32.1
19/02/2025 03:30:51,1007.0,24.8,32.1
19/02/2025 03:35:51,1002.0,24.8,32.1
19/02/2025 03:40:50,992.0,24.8,32.1
19/02/2025 03:45:50,1003.0,24.8,32.2
19/02/2025 03:50:50,995.0,24.8,32.1
19/02/2025 03:55:51,1007.0,24.8,32.1
19/02/2025 04:00:49,1013.0,24.8,32.1
19/02/2025 04:05:49,1008.0,24.8,32.1
19/02/2025 04:10:49,1001.0,24.8,32.0
19/02/2025 04:15:50,1009.0,24.8,32.0
19/02/2025 04:20:49,1010.0,24.8,32.0
19/02/2025 04:25:49,1010.0,24.8,32.0
19/02/2025 04:30:49,998.0,24.8,32.0
19/02/2025 04:35:49,1000.0,24.8,32.1
19/02/2025 04:40:48,997.0,24.8,32.0
19/02/2025 04:45:48,1010.0,24.8,32.0
19/02/2025 04:50:48,1008.0,24.8,32.0
19/02/2025 04:55:48,1008.0,24.9,31.9
19/02/2025 05:00:47,997.0,24.8,31.9
19/02/2025 05:05:46,1010.0,24.8,32.0
19/02/2025 05:10:47,1008.0,24.8,31.9
19/02/2025 05:15:47,1016.0,24.8,31.9
19/02/2025 05:20:46,1007.0,24.8,31.9
19/02/2025 05:25:46,1007.0,24.8,31.9
19/02/2025 05:30:46,1012.0,24.7,32.0
19/02/2025 05:35:46,1006.0,24.7,32.0
19/02/2025 05:40:45,1010.0,24.7,31.9
19/02/2025 05:45:45,1009.0,24.7,31.9
19/02/2025 05:50:46,998.0,24.7,31.9
19/02/2025 05:55:47,1016.0,24.7,31.9
19/02/2025 06:00:46,1016.0,24.6,31.9
19/02/2025 06:05:47,1016.0,24.6,32.0
19/02/2025 06:10:48,1018.0,24.6,31.9
19/02/2025 06:15:47,1014.0,24.6,31.9
19/02/2025 06:20:47,1016.0,24.6,31.9
19/02/2025 06:25:47,1000.0,24.6,31.9
19/02/2025 06:30:49,1010.0,24.6,31.8
19/02/2025 06:35:25,1008.0,24.6,31.8
19/02/2025 06:40:25,1002.0,24.6,31.8
19/02/2025 06:45:24,1011.0,24.6,31.8
19/02/2025 06:50:24,1012.0,24.6,31.8
19/02/2025 06:55:24,1007.0,24.8,31.7
19/02/2025 07:00:24,1011.0,24.8,31.8
19/02/2025 07:05:24,1007.0,24.8,31.7
19/02/2025 07:10:23,1000.0,24.8,31.8
19/02/2025 07:15:23,1011.0,24.7,31.8
19/02/2025 07:20:23,1016.0,24.8,31.8
19/02/2025 07:25:23,1005.0,24.8,31.8
19/02/2025 07:30:22,1005.0,24.9,31.9
19/02/2025 07:35:22,1006.0,24.8,31.9
19/02/2025 07:40:22,1009.0,24.8,32.0
19/02/2025 07:45:22,1007.0,24.7,32.0
19/02/2025 07:50:21,1013.0,24.8,32.2
19/02/2025 07:55:21,1003.0,24.7,32.3
19/02/2025 08:00:21,1006.0,24.4,32.3
19/02/2025 08:05:21,1002.0,25.0,32.3
19/02/2025 08:10:20,1003.0,27.1,32.4
19/02/2025 08:15:20,1002.0,29.5,32.5
19/02/2025 08:20:20,1005.0,25.3,32.5
19/02/2025 08:25:20,999.0,24.5,32.4
19/02/2025 08:30:21,1010.0,24.3,32.4
19/02/2025 08:35:21,984.0,25.9,32.4
19/02/2025 08:40:20,1002.0,25.5,32.4
19/02/2025 08:45:21,1001.0,25.2,32.5
19/02/2025 08:50:21,991.0,25.5,32.4
19/02/2025 08:55:20,1011.0,25.6,32.5
19/02/2025 09:00:20,1011.0,25.9,32.5
19/02/2025 09:05:20,1004.0,26.3,32.4
19/02/2025 09:10:20,997.0,25.8,32.5
19/02/2025 09:15:21,997.0,25.7,32.5
19/02/2025 09:20:20,1003.0,25.7,32.5
19/02/2025 09:25:19,995.0,25.7,32.5
19/02/2025 09:30:20,1003.0,25.6,32.5
19/02/2025 09:35:18,999.0,25.5,32.6
19/02/2025 09:40:19,998.0,25.5,32.7
19/02/2025 09:45:18,1000.0,25.4,32.7
19/02/2025 09:50:18,1005.0,25.4,32.7
19/02/2025 09:55:19,1006.0,25.4,32.7
19/02/2025 10:00:19,1012.0,25.3,32.7
19/02/2025 10:05:19,1007.0,25.3,32.8
19/02/2025 10:10:20,987.0,25.3,32.7
19/02/2025 10:15:20,1000.0,25.2,32.8
19/02/2025 10:20:19,997.0,25.2,32.8
19/02/2025 10:25:29,991.0,25.1,32.9
19/02/2025 10:30:20,1001.0,25.1,33.0
19/02/2025 10:35:20,1001.0,25.1,33.0
19/02/2025 10:40:20,1007.0,25.2,33.1
19/02/2025 10:45:22,996.0,25.1,33.2
19/02/2025 10:50:20,1004.0,25.2,33.2
19/02/2025 10:55:21,1001.0,25.3,33.1
19/02/2025 11:00:52,998.0,25.4,33.1
19/02/2025 11:05:20,1000.0,25.4,33.1
19/02/2025 11:10:21,1004.0,25.4,33.2
19/02/2025 11:15:21,991.0,25.5,33.3
19/02/2025 11:20:20,1005.0,25.4,33.4
19/02/2025 11:25:19,991.0,25.4,33.3
19/02/2025 11:30:20,1008.0,25.5,33.3
19/02/2025 11:35:19,989.0,25.4,33.4
19/02/2025 11:40:20,994.0,25.4,33.4
19/02/2025 11:45:19,986.0,25.4,33.4
19/02/2025 11:50:20,994.0,25.4,33.5
19/02/2025 11:55:20,987.0,25.3,33.6
19/02/2025 12:00:20,988.0,25.4,33.4
19/02/2025 12:05:20,997.0,25.4,33.4
19/02/2025 12:10:21,996.0,25.4,33.4
19/02/2025 12:15:21,984.0,25.4,33.4
19/02/2025 12:20:21,990.0,25.4,33.4
19/02/2025 12:25:21,998.0,25.4,33.4
19/02/2025 12:30:20,996.0,25.4,33.3
19/02/2025 12:35:20,998.0,25.5,33.4
19/02/2025 12:40:20,994.0,25.5,33.4
19/02/2025 12:45:20,993.0,25.5,33.4
19/02/2025 12:50:21,1006.0,25.7,33.4
19/02/2025 12:55:20,1006.0,25.7,33.4
19/02/2025 13:00:19,1001.0,25.7,33.5
19/02/2025 13:05:19,1015.0,25.6,33.7
19/02/2025 13:10:19,1011.0,25.5,33.8
19/02/2025 13:15:19,1012.0,25.3,34.0
19/02/2025 13:20:18,1003.0,25.3,34.1
19/02/2025 13:25:19,1000.0,25.4,34.1
19/02/2025 13:30:19,1013.0,25.3,34.1
19/02/2025 13:35:18,998.0,25.3,34.2
19/02/2025 13:40:18,1018.0,25.2,34.2
19/02/2025 13:45:17,1013.0,25.2,34.3
19/02/2025 13:50:17,1013.0,25.2,34.2
19/02/2025 13:55:17,995.0,25.2,34.3
19/02/2025 14:00:18,1006.0,25.3,34.2
19/02/2025 14:05:18,991.0,25.3,34.3
19/02/2025 14:10:18,1001.0,25.2,34.4
19/02/2025 14:15:17,995.0,25.2,34.4
19/02/2025 14:20:17,986.0,25.2,34.4
19/02/2025 14:25:16,1009.0,25.2,34.4
19/02/2025 14:30:17,1000.0,25.1,34.3
19/02/2025 14:35:16,1005.0,25.3,34.2
19/02/2025 14:40:16,983.0,25.5,34.2
19/02/2025 14:45:16,984.0,25.7,34.2
19/02/2025 14:50:15,1009.0,25.9,34.2
19/02/2025 14:55:17,993.0,25.9,34.1
19/02/2025 15:00:16,991.0,25.9,34.1
19/02/2025 15:05:17,1001.0,26.1,34.0
19/02/2025 15:10:17,997.0,26.1,34.0
19/02/2025 15:15:17,986.0,26.1,34.0
19/02/2025 15:20:17,986.0,26.1,34.0
19/02/2025 15:25:16,1006.0,25.6,34.1
19/02/2025 15:30:16,989.0,25.7,34.1
19/02/2025 15:35:16,1001.0,25.8,34.1
19/02/2025 15:40:16,998.0,25.9,34.0
19/02/2025 15:45:16,979.0,25.8,34.1
19/02/2025 15:50:16,998.0,25.8,34.1
19/02/2025 15:55:19,999.0,25.8,34.1
19/02/2025 16:00:15,1000.0,25.8,34.1
19/02/2025 16:05:15,998.0,25.8,34.2
19/02/2025 16:10:16,1000.0,25.8,34.1
19/02/2025 16:15:16,989.0,25.8,34.1
19/02/2025 16:20:16,998.0,25.9,34.1
19/02/2025 16:25:15,981.0,26.0,34.0
19/02/2025 16:30:15,998.0,26.0,34.0
19/02/2025 16:35:15,1001.0,26.0,34.0
19/02/2025 16:40:14,1012.0,25.9,34.0
19/02/2025 16:45:15,1014.0,25.8,34.1
19/02/2025 16:50:16,1014.0,25.7,34.1
19/02/2025 16:55:15,1001.0,25.7,34.1
19/02/2025 17:00:15,996.0,25.7,34.1
19/02/2025 17:05:16,1005.0,25.7,34.1
19/02/2025 17:10:15,1008.0,25.7,34.1
19/02/2025 17:15:16,1008.0,25.8,34.0
19/02/2025 17:20:16,1005.0,25.9,33.9
19/02/2025 17:25:17,997.0,25.8,33.9
19/02/2025 17:30:16,1014.0,25.8,33.9
19/02/2025 17:35:16,1002.0,25.8,33.8
19/02/2025 17:40:17,1008.0,25.8,33.8
19/02/2025 17:45:17,1008.0,25.8,33.7
19/02/2025 17:50:17,1005.0,25.8,33.7
19/02/2025 17:55:17,1008.0,25.7,33.7
19/02/2025 18:00:16,1007.0,25.6,33.8
19/02/2025 18:05:16,1008.0,25.4,33.9
19/02/2025 18:10:16,1001.0,25.4,33.9
19/02/2025 18:15:15,1006.0,25.3,33.9
19/02/2025 18:20:15,1000.0,25.4,33.8
19/02/2025 18:25:15,1007.0,25.4,33.8
19/02/2025 18:30:15,1006.0,25.5,33.8
19/02/2025 18:35:14,1011.0,25.6,33.8
19/02/2025 18:40:14,1016.0,25.7,33.7
19/02/2025 18:45:14,1007.0,25.8,33.7
19/02/2025 18:49:59,1010.0,25.8,33.7
19/02/2025 18:54:59,1003.0,25.9,33.6
19/02/2025 18:59:59,1009.0,25.9,33.6
19/02/2025 19:05:00,1009.0,25.9,33.6
19/02/2025 19:10:00,1007.0,25.9,33.6
19/02/2025 19:14:59,1005.0,25.9,33.5
19/02/2025 19:19:58,1014.0,25.9,33.5
19/02/2025 19:24:35,1007.0,25.9,33.5
19/02/2025 20:05:50,1003.0,25.8,33.3
19/02/2025 20:10:50,1009.0,25.8,33.3
19/02/2025 20:15:50,1001.0,25.8,33.2
19/02/2025 20:20:50,1002.0,25.7,33.2
19/02/2025 20:25:50,1005.0,25.8,33.1
19/02/2025 20:30:50,1008.0,25.9,33.0
19/02/2025 20:35:50,1009.0,25.9,33.0
19/02/2025 20:40:50,1009.0,25.9,33.0
19/02/2025 20:45:50,1006.0,25.9,33.0
19/02/2025 20:50:49,1012.0,26.0,32.9
19/02/2025 20:55:49,1009.0,26.0,32.9
19/02/2025 21:00:49,1008.0,26.0,32.9
19/02/2025 21:05:49,1007.0,26.0,32.9
19/02/2025 21:10:49,994.0,25.9,32.9
19/02/2025 21:15:49,1004.0,26.0,32.8
19/02/2025 21:20:49,1008.0,26.0,32.8
19/02/2025 21:25:48,1000.0,25.9,32.8
19/02/2025 21:30:49,1003.0,26.0,32.8
19/02/2025 21:35:48,1010.0,26.0,32.8
19/02/2025 21:40:49,1013.0,26.0,32.8
19/02/2025 21:45:49,1013.0,25.9,32.7
19/02/2025 21:50:49,1014.0,26.0,32.7
19/02/2025 21:55:49,1010.0,26.0,32.7
19/02/2025 22:00:48,1011.0,25.9,32.7
19/02/2025 22:05:52,1014.0,26.0,32.7
19/02/2025 22:10:49,1008.0,26.0,32.7
19/02/2025 22:15:49,1004.0,25.9,32.7
19/02/2025 22:20:49,1007.0,25.9,32.7
19/02/2025 22:25:49,1002.0,25.9,32.7
19/02/2025 22:30:48,1002.0,25.8,32.7
19/02/2025 22:35:48,1008.0,25.8,32.7
19/02/2025 22:40:48,1010.0,25.8,32.7
19/02/2025 22:45:49,1003.0,25.8,32.7
19/02/2025 22:50:48,999.0,25.8,32.7
19/02/2025 22:55:48,1014.0,25.8,32.7
19/02/2025 23:00:48,1011.0,25.8,32.7
19/02/2025 23:05:48,1009.0,25.7,32.7
19/02/2025 23:10:47,1008.0,25.7,32.7
19/02/2025 23:15:47,1004.0,25.6,32.7
19/02/2025 23:20:47,1007.0,25.6,32.7
19/02/2025 23:25:48,1002.0,25.6,32.7
19/02/2025 23:30:48,1003.0,25.6,32.7
19/02/2025 23:35:48,1002.0,25.5,32.7
19/02/2025 23:40:48,1007.0,25.6,32.7
19/02/2025 23:45:48,1010.0,25.5,32.7
19/02/2025 23:50:48,1003.0,25.5,32.7
19/02/2025 23:55:48,1004.0,25.5,32.7
20/02/2025 00:00:47,1016.0,25.4,32.7
20/02/2025 00:05:47,1010.0,25.4,32.7
20/02/2025 00:10:47,1006.0,25.3,32.7
20/02/2025 00:15:47,1008.0,25.3,32.7
20/02/2025 00:20:47,1009.0,25.3,32.7
20/02/2025 00:27:40,1011.0,25.3,32.7
20/02/2025 00:32:32,1013.0,25.3,32.7
20/02/2025 00:37:32,1014.0,25.3,32.7
20/02/2025 00:42:32,1010.0,25.3,32.7
20/02/2025 01:05:46,1011.0,25.2,32.7
20/02/2025 01:10:46,1010.0,25.1,32.7
20/02/2025 01:15:45,1010.0,25.2,32.6
20/02/2025 01:20:45,1009.0,25.2,32.6
20/02/2025 01:25:46,1003.0,25.2,32.6
20/02/2025 01:30:48,1002.0,25.2,32.6
20/02/2025 01:35:47,1008.0,25.2,32.6
20/02/2025 01:40:47,1008.0,25.2,32.6
20/02/2025 01:45:46,1008.0,25.2,32.6
20/02/2025 01:50:45,1011.0,25.1,32.6
20/02/2025 01:55:46,1010.0,25.2,32.6
20/02/2025 02:00:46,1011.0,25.1,32.6
20/02/2025 02:05:44,1004.0,25.1,32.6
20/02/2025 02:10:45,1005.0,25.1,32.6
20/02/2025 02:15:45,1001.0,25.1,32.6
20/02/2025 02:20:45,1009.0,25.1,32.5
20/02/2025 02:25:44,1014.0,25.2,32.5
20/02/2025 02:30:44,1013.0,25.2,32.5
20/02/2025 02:35:43,1002.0,25.2,32.5
20/02/2025 02:40:43,1007.0,25.2,32.5
20/02/2025 02:45:44,1014.0,25.2,32.5
20/02/2025 02:50:44,1015.0,25.2,32.5
20/02/2025 02:55:45,997.0,25.2,32.5
20/02/2025 03:00:44,1002.0,25.2,32.4
20/02/2025 03:05:44,1017.0,25.2,32.4
20/02/2025 03:10:45,1017.0,25.2,32.4
20/02/2025 03:15:44,1016.0,25.2,32.4
20/02/2025 03:20:45,1016.0,25.2,32.4
20/02/2025 03:25:44,1015.0,25.2,32.4
20/02/2025 03:30:44,1017.0,25.2,32.4
20/02/2025 03:35:46,998.0,25.3,32.3
20/02/2025 03:40:45,1010.0,25.2,32.4
20/02/2025 03:45:44,1006.0,25.2,32.4
20/02/2025 03:50:44,1014.0,25.2,32.3
20/02/2025 03:55:45,1014.0,25.3,32.3
20/02/2025 04:00:45,1011.0,25.2,32.3
20/02/2025 04:05:45,1005.0,25.2,32.3
20/02/2025 04:10:45,1008.0,25.3,32.3
20/02/2025 04:15:45,1005.0,25.3,32.3
20/02/2025 04:20:44,1009.0,25.2,32.3
20/02/2025 04:25:44,1001.0,25.2,32.3
20/02/2025 04:30:44,1008.0,25.2,32.3
20/02/2025 04:35:44,1008.0,25.2,32.2
20/02/2025 04:40:43,1002.0,25.2,32.3
20/02/2025 04:45:43,1009.0,25.2,32.3
20/02/2025 04:50:43,1008.0,25.2,32.2
20/02/2025 04:55:28,1008.0,25.2,32.3
20/02/2025 05:00:28,1002.0,25.2,32.2
20/02/2025 05:05:27,1005.0,25.2,32.2
20/02/2025 05:10:27,1003.0,25.2,32.3
20/02/2025 05:15:26,1010.0,25.2,32.2
20/02/2025 05:20:26,1015.0,25.2,32.2
20/02/2025 05:25:26,1004.0,25.2,32.2
20/02/2025 05:30:26,1002.0,25.2,32.2
20/02/2025 05:35:25,1010.0,25.2,32.2
20/02/2025 05:40:25,1005.0,25.2,32.2
20/02/2025 05:45:25,1008.0,25.2,32.2
20/02/2025 05:50:25,997.0,25.2,32.2
20/02/2025 05:55:26,1010.0,25.1,32.2
20/02/2025 06:00:24,1009.0,25.1,32.2
20/02/2025 06:05:25,1006.0,25.1,32.2
20/02/2025 06:10:25,1014.0,25.2,32.1
20/02/2025 06:15:25,1008.0,25.1,32.2
20/02/2025 06:20:25,998.0,25.1,32.2
20/02/2025 06:25:26,1002.0,25.1,32.2
20/02/2025 06:30:26,1002.0,25.1,32.1
20/02/2025 06:35:25,1015.0,25.2,32.1
20/02/2025 06:40:25,1010.0,25.1,32.1
20/02/2025 06:45:25,1010.0,25.2,32.0
20/02/2025 06:50:25,1010.0,25.2,32.0
20/02/2025 06:55:24,1008.0,25.2,32.0
20/02/2025 07:00:24,1013.0,25.3,32.0
20/02/2025 07:05:24,1014.0,25.3,32.0
20/02/2025 07:10:24,1006.0,25.5,32.0
20/02/2025 07:15:24,1003.0,25.5,32.1
20/02/2025 07:20:23,1008.0,25.4,32.2
20/02/2025 07:25:23,1008.0,25.4,32.1
20/02/2025 07:30:22,1006.0,25.4,32.2
20/02/2025 07:35:22,1011.0,25.5,32.2
20/02/2025 07:40:23,1003.0,25.5,32.2
20/02/2025 07:45:21,1001.0,25.5,32.3
20/02/2025 07:50:22,1008.0,25.4,32.4
20/02/2025 07:55:22,1005.0,25.4,32.5
20/02/2025 08:00:21,1012.0,25.3,32.6
20/02/2025 08:05:22,1002.0,25.2,32.5
20/02/2025 08:10:22,1007.0,24.9,32.6
20/02/2025 08:15:21,1005.0,24.9,32.6
20/02/2025 08:20:21,1005.0,24.8,32.7
20/02/2025 08:25:21,1006.0,24.9,32.8
20/02/2025 08:30:21,996.0,24.8,32.8
20/02/2025 08:35:21,1006.0,24.6,32.9
20/02/2025 08:40:20,1002.0,24.4,33.1
20/02/2025 08:45:20,990.0,24.5,33.1
20/02/2025 08:50:20,1006.0,24.4,33.1
20/02/2025 08:55:21,1002.0,24.4,33.1
20/02/2025 09:00:21,1003.0,24.3,33.1
20/02/2025 09:05:21,995.0,24.5,33.1
20/02/2025 09:10:21,1006.0,24.5,33.1
20/02/2025 09:15:21,1005.0,24.5,33.2
20/02/2025 09:20:21,991.0,24.6,33.1
20/02/2025 09:25:21,992.0,24.7,33.2
20/02/2025 09:30:24,1002.0,24.7,33.2
20/02/2025 09:35:22,997.0,24.7,33.2
20/02/2025 09:40:22,988.0,24.7,33.3
20/02/2025 09:45:21,996.0,24.8,33.2
20/02/2025 09:50:21,998.0,24.9,33.2
20/02/2025 09:55:21,994.0,24.8,33.3
20/02/2025 10:00:21,994.0,24.9,33.3
20/02/2025 10:05:21,995.0,24.9,33.4
20/02/2025 10:10:20,1000.0,25.0,33.4
20/02/2025 10:15:20,989.0,25.0,33.4
20/02/2025 10:20:20,994.0,25.0,33.4
20/02/2025 10:25:19,1001.0,25.2,33.3
20/02/2025 10:30:21,1000.0,25.1,33.3
20/02/2025 10:35:17,994.0,25.2,33.3
20/02/2025 10:40:19,1011.0,24.8,33.4
20/02/2025 10:45:19,995.0,24.9,33.4
20/02/2025 10:52:13,1000.0,25.0,33.4
20/02/2025 10:57:04,996.0,25.0,33.4
20/02/2025 11:02:03,1009.0,25.1,33.4
20/02/2025 11:05:18,992.0,25.0,33.4
20/02/2025 11:10:23,997.0,25.0,33.5
20/02/2025 11:15:22,994.0,25.1,33.5
20/02/2025 11:20:22,985.0,25.2,33.5
20/02/2025 11:25:22,984.0,25.4,33.4
20/02/2025 11:30:21,994.0,25.4,33.4
20/02/2025 11:35:21,1002.0,25.4,33.4
20/02/2025 11:40:20,1007.0,25.4,33.4
20/02/2025 11:45:20,998.0,25.5,33.4
20/02/2025 11:50:20,998.0,25.4,33.5
20/02/2025 11:55:20,998.0,25.2,33.5
20/02/2025 12:00:20,998.0,25.2,33.6
20/02/2025 12:05:19,1000.0,24.9,33.8
20/02/2025 12:10:19,1007.0,24.8,33.7
20/02/2025 12:15:19,1007.0,24.9,33.6
20/02/2025 12:20:20,1002.0,25.0,33.6
20/02/2025 12:25:19,1002.0,24.9,33.6
20/02/2025 12:30:19,994.0,24.9,33.6
20/02/2025 12:35:18,999.0,24.7,33.7
20/02/2025 12:40:19,1014.0,24.9,33.7
20/02/2025 12:45:20,996.0,24.8,33.7
20/02/2025 12:50:19,1000.0,25.0,33.7
20/02/2025 12:55:18,1006.0,25.0,33.7
20/02/2025 13:00:18,1007.0,25.0,33.8
20/02/2025 13:05:19,999.0,25.1,33.7
20/02/2025 13:10:18,1006.0,25.2,33.7
20/02/2025 13:15:19,991.0,25.2,33.8
20/02/2025 13:20:20,994.0,25.3,33.9
20/02/2025 13:25:19,1005.0,25.4,33.9
20/02/2025 13:30:19,1001.0,25.5,33.9
20/02/2025 13:35:19,1014.0,25.5,34.1
20/02/2025 13:40:19,1018.0,25.6,33.9
20/02/2025 13:45:19,1006.0,25.7,33.8
20/02/2025 13:50:19,995.0,25.8,33.8
20/02/2025 13:55:18,1006.0,25.8,33.8
20/02/2025 14:00:19,1011.0,25.8,33.8
20/02/2025 14:05:19,1007.0,25.8,33.8
20/02/2025 14:10:18,1002.0,25.9,33.8
20/02/2025 14:15:18,999.0,25.8,33.9
20/02/2025 14:20:18,998.0,25.9,33.9
20/02/2025 14:25:17,1005.0,25.9,34.0
20/02/2025 14:30:18,1010.0,25.9,34.0
20/02/2025 14:35:17,993.0,25.9,34.1
20/02/2025 14:40:17,998.0,26.0,34.1
20/02/2025 14:45:18,1002.0,26.0,34.0
20/02/2025 14:50:17,992.0,26.0,34.0
20/02/2025 14:55:18,1007.0,26.2,33.9
20/02/2025 15:00:17,1004.0,26.2,33.9
20/02/2025 15:05:17,992.0,26.1,33.9
20/02/2025 15:10:16,995.0,26.1,33.8
20/02/2025 15:15:16,1003.0,26.1,33.8
20/02/2025 15:20:16,999.0,26.0,33.9
20/02/2025 15:25:17,1002.0,26.0,33.8
20/02/2025 15:30:18,1002.0,25.8,33.9
20/02/2025 15:34:55,990.0,25.8,33.9
20/02/2025 15:39:54,989.0,25.6,33.9
20/02/2025 15:44:54,1000.0,25.5,33.9
20/02/2025 17:05:52,1005.0,25.5,33.9
20/02/2025 17:10:52,1009.0,25.7,33.8
20/02/2025 17:15:52,1008.0,25.5,34.0
20/02/2025 17:20:51,1006.0,25.6,33.9
20/02/2025 17:25:53,1005.0,25.7,33.8
20/02/2025 17:30:52,1013.0,25.7,33.7
20/02/2025 17:35:52,1013.0,25.7,33.7
20/02/2025 17:40:52,1008.0,25.7,33.7
20/02/2025 17:45:52,1014.0,25.6,33.8
20/02/2025 17:50:51,1008.0,25.4,33.9
20/02/2025 17:55:51,1007.0,25.4,33.8
20/02/2025 18:00:51,1013.0,25.4,33.8
20/02/2025 18:05:51,1009.0,25.4,33.7
20/02/2025 18:10:50,1010.0,25.5,33.7
20/02/2025 18:15:50,1014.0,25.3,33.8
20/02/2025 18:20:51,1006.0,25.4,33.8
20/02/2025 18:25:51,1016.0,25.4,33.7
20/02/2025 18:30:51,1001.0,25.5,33.6
20/02/2025 18:35:50,1008.0,25.7,33.5
20/02/2025 18:40:50,997.0,25.7,33.5
20/02/2025 18:45:48,1004.0,25.8,33.4
20/02/2025 18:50:50,1006.0,25.9,33.3
20/02/2025 18:55:49,1014.0,25.8,33.4
20/02/2025 19:00:49,1006.0,25.8,33.3
20/02/2025 19:05:50,1007.0,25.8,33.4
20/02/2025 19:10:49,999.0,25.9,33.3
20/02/2025 19:15:49,1006.0,25.9,33.3
20/02/2025 19:20:49,999.0,26.0,33.2
20/02/2025 19:25:48,1006.0,26.0,33.2
20/02/2025 19:30:48,1009.0,26.0,33.2
20/02/2025 19:35:48,1005.0,26.0,33.2
20/02/2025 19:40:47,994.0,26.0,33.1
20/02/2025 19:45:47,1013.0,26.1,33.1
20/02/2025 19:50:48,1015.0,26.1,33.0
20/02/2025 19:55:48,1015.0,26.0,33.1
20/02/2025 20:00:48,1010.0,26.1,33.0
20/02/2025 20:05:47,1007.0,26.1,33.0
20/02/2025 20:10:47,1009.0,26.1,33.0
20/02/2025 20:15:47,1001.0,26.1,33.1
20/02/2025 20:20:47,1006.0,26.1,33.0
20/02/2025 20:25:48,1010.0,26.1,33.0
20/02/2025 20:30:48,1011.0,26.2,32.9
20/02/2025 20:35:48,1002.0,26.1,32.9
20/02/2025 20:40:47,1010.0,26.2,32.9
20/02/2025 20:45:48,1009.0,26.2,32.9
20/02/2025 20:50:49,1013.0,26.2,32.9
20/02/2025 20:55:48,1002.0,26.2,32.9
20/02/2025 21:00:48,1011.0,26.1,32.9
20/02/2025 21:05:49,1011.0,26.2,32.9
20/02/2025 21:10:50,1012.0,26.1,32.9
20/02/2025 21:15:49,1012.0,26.1,32.9
20/02/2025 21:20:49,1009.0,26.1,32.9
20/02/2025 21:25:49,1011.0,26.1,32.9
20/02/2025 21:30:49,1008.0,26.1,33.0
20/02/2025 21:35:49,1008.0,26.1,32.9
20/02/2025 21:40:50,1008.0,26.1,32.9
20/02/2025 21:45:50,1011.0,26.1,32.9
20/02/2025 21:50:49,1009.0,26.1,32.9
20/02/2025 21:58:00,1013.0,26.2,32.8
20/02/2025 22:02:33,1006.0,26.1,32.9
20/02/2025 22:05:48,1002.0,26.0,32.9
20/02/2025 22:10:49,1009.0,26.0,32.9
20/02/2025 22:15:48,1006.0,26.0,32.9
20/02/2025 22:20:48,1006.0,26.0,32.9
20/02/2025 22:25:48,1008.0,26.0,32.9
20/02/2025 22:30:48,1014.0,25.9,32.9
20/02/2025 22:35:48,1013.0,26.0,32.9
20/02/2025 22:40:48,1003.0,25.9,32.9
20/02/2025 22:45:48,1016.0,25.9,32.9
20/02/2025 22:50:48,1012.0,25.9,32.9
20/02/2025 22:55:49,1003.0,25.9,32.9
20/02/2025 23:00:48,1007.0,25.9,32.8
20/02/2025 23:05:48,1012.0,25.9,32.8
20/02/2025 23:10:48,1011.0,25.8,32.8
20/02/2025 23:15:48,1013.0,25.8,32.9
20/02/2025 23:20:47,1005.0,25.8,32.8
20/02/2025 23:25:47,1009.0,25.9,32.8
20/02/2025 23:30:47,1011.0,25.9,32.8
20/02/2025 23:35:48,1003.0,25.9,32.8
20/02/2025 23:40:48,1011.0,25.8,32.8
20/02/2025 23:45:48,1014.0,25.8,32.8
20/02/2025 23:50:48,1006.0,25.8,32.8
20/02/2025 23:55:46,1011.0,25.8,32.8
21/02/2025 00:00:47,1010.0,25.8,32.8
21/02/2025 00:05:46,1011.0,25.8,32.8
21/02/2025 00:10:46,1012.0,25.8,32.8
21/02/2025 00:15:46,1011.0,25.9,32.7
21/02/2025 00:20:47,1014.0,25.8,32.8
21/02/2025 00:25:48,1011.0,25.8,32.8
21/02/2025 00:30:46,999.0,25.8,32.7
21/02/2025 00:35:47,1001.0,25.8,32.8
21/02/2025 00:40:46,1007.0,25.8,32.7
21/02/2025 00:45:46,1012.0,25.9,32.7
21/02/2025 00:50:47,1000.0,25.8,32.7
21/02/2025 00:55:46,1007.0,25.8,32.7
21/02/2025 01:00:46,1009.0,25.8,32.7
21/02/2025 01:05:47,1011.0,25.8,32.7
21/02/2025 01:10:47,995.0,25.9,32.6
21/02/2025 01:15:46,1014.0,25.8,32.7
21/02/2025 01:20:46,1009.0,25.8,32.7
21/02/2025 01:25:47,1010.0,25.8,32.7
21/02/2025 01:30:47,1009.0,25.8,32.7
21/02/2025 01:35:46,1009.0,25.8,32.7
21/02/2025 01:40:46,1008.0,25.8,32.6
21/02/2025 01:45:46,1008.0,25.8,32.7
21/02/2025 01:50:47,1008.0,25.8,32.6
21/02/2025 01:55:46,1009.0,25.8,32.7
21/02/2025 02:00:46,1007.0,25.8,32.6
21/02/2025 02:05:46,1010.0,25.8,32.7
21/02/2025 02:10:46,1009.0,25.8,32.7
21/02/2025 02:15:46,1010.0,25.8,32.7
21/02/2025 02:20:46,997.0,25.8,32.6
21/02/2025 02:25:47,1003.0,25.8,32.6
21/02/2025 02:30:24,998.0,25.8,32.7
21/02/2025 02:35:24,1003.0,25.8,32.7
21/02/2025 02:40:25,1001.0,25.8,32.7
21/02/2025 02:45:24,1009.0,25.8,32.7
21/02/2025 02:50:24,1012.0,25.8,32.7
21/02/2025 02:55:24,1007.0,25.8,32.7
21/02/2025 03:00:24,1014.0,25.8,32.7
21/02/2025 03:05:26,1013.0,25.8,32.6
21/02/2025 03:10:24,1003.0,25.9,32.6
21/02/2025 03:15:25,1015.0,25.8,32.6
21/02/2025 03:20:25,1016.0,25.8,32.6
21/02/2025 03:25:26,1016.0,25.9,32.6
21/02/2025 03:30:26,1016.0,25.9,32.6
21/02/2025 03:35:25,1014.0,25.8,32.6
21/02/2025 03:40:25,1016.0,25.8,32.6
21/02/2025 03:45:25,1002.0,25.8,32.7
21/02/2025 03:50:24,1007.0,25.8,32.7
21/02/2025 03:55:24,1010.0,25.9,32.6
21/02/2025 04:00:23,1014.0,25.8,32.7
21/02/2025 04:05:23,1002.0,25.8,32.7
21/02/2025 04:10:23,1000.0,25.8,32.7
21/02/2025 04:15:23,1001.0,25.8,32.7
21/02/2025 04:20:23,997.0,25.8,32.6
21/02/2025 04:25:22,1012.0,25.8,32.6
21/02/2025 04:30:22,1005.0,25.8,32.7
21/02/2025 04:35:22,1012.0,25.8,32.7
21/02/2025 04:40:22,1010.0,25.7,32.7
21/02/2025 04:45:21,1010.0,25.8,32.6
21/02/2025 04:50:21,994.0,25.8,32.6
21/02/2025 04:55:21,993.0,25.8,32.6
21/02/2025 05:00:22,1007.0,25.8,32.6
21/02/2025 05:05:21,1002.0,25.7,32.6
21/02/2025 05:10:21,1007.0,25.8,32.6
21/02/2025 05:15:21,1009.0,25.8,32.6
21/02/2025 05:20:22,1007.0,25.8,32.6
21/02/2025 05:25:21,1007.0,25.8,32.6
21/02/2025 05:30:21,1010.0,25.8,32.6
21/02/2025 05:35:20,1008.0,25.8,32.5
21/02/2025 05:40:20,1010.0,25.8,32.6
21/02/2025 05:45:20,1002.0,25.7,32.6
21/02/2025 05:50:20,998.0,25.7,32.6
21/02/2025 05:55:20,1009.0,25.8,32.5
21/02/2025 06:00:19,1014.0,25.7,32.5
21/02/2025 06:05:19,1014.0,25.8,32.5
21/02/2025 06:10:19,1010.0,25.7,32.5
21/02/2025 06:15:18,1008.0,25.7,32.5
21/02/2025 06:20:18,1011.0,25.8,32.5
21/02/2025 06:25:18,1010.0,25.7,32.5
21/02/2025 06:30:19,1009.0,25.7,32.5
21/02/2025 06:35:19,1010.0,25.7,32.5
21/02/2025 06:40:19,1003.0,25.7,32.5
21/02/2025 06:45:19,1011.0,25.8,32.5
21/02/2025 06:50:19,1002.0,25.8,32.4
21/02/2025 06:55:19,1003.0,25.8,32.4
21/02/2025 07:00:18,1011.0,25.7,32.5
21/02/2025 07:05:18,998.0,25.8,32.4
21/02/2025 07:10:18,1003.0,25.8,32.4
21/02/2025 07:15:18,1012.0,25.8,32.4
21/02/2025 07:20:18,1009.0,25.9,32.4
21/02/2025 07:25:18,1011.0,25.8,32.3
21/02/2025 07:30:17,1008.0,25.9,32.3
21/02/2025 07:35:18,1012.0,25.9,32.3
21/02/2025 07:40:18,1012.0,25.8,32.4
21/02/2025 07:45:16,1011.0,25.9,32.3
21/02/2025 07:50:16,1009.0,25.8,32.3
21/02/2025 07:55:17,1006.0,25.8,32.3
21/02/2025 08:00:17,1016.0,25.8,32.3
21/02/2025 08:05:17,1010.0,25.8,32.4
21/02/2025 08:10:18,1001.0,25.7,32.4
21/02/2025 08:15:19,1010.0,25.7,32.4
21/02/2025 08:20:18,1000.0,25.7,32.4
21/02/2025 08:25:18,1009.0,25.8,32.5
21/02/2025 08:30:18,1005.0,26.0,32.6
21/02/2025 08:35:18,1000.0,26.0,32.6
21/02/2025 08:40:17,998.0,26.1,32.5
21/02/2025 08:45:17,1010.0,26.1,32.5
21/02/2025 08:50:16,995.0,26.2,32.5
21/02/2025 08:55:16,992.0,26.2,32.5
21/02/2025 09:00:16,1007.0,26.3,32.4
21/02/2025 09:05:16,1004.0,26.3,32.4
21/02/2025 09:10:18,1000.0,26.3,32.5
21/02/2025 09:15:17,1007.0,26.3,32.5
21/02/2025 09:20:16,1000.0,26.2,32.7
21/02/2025 09:25:16,991.0,26.2,32.7
21/02/2025 09:30:15,1001.0,26.5,32.7
21/02/2025 09:35:14,994.0,26.6,32.8
21/02/2025 09:40:15,1000.0,26.6,32.8
21/02/2025 09:45:15,993.0,26.5,32.9
21/02/2025 09:50:15,1002.0,26.5,32.9
21/02/2025 09:55:14,999.0,26.7,32.8
21/02/2025 10:00:14,1008.0,26.8,32.8
21/02/2025 10:05:13,990.0,26.6,33.0
21/02/2025 10:10:00,1010.0,26.6,33.0
21/02/2025 10:14:58,1001.0,26.5,33.0
21/02/2025 10:19:58,1000.0,26.5,33.1
21/02/2025 10:24:57,1004.0,26.4,33.1
21/02/2025 10:44:57,999.0,26.5,33.1
21/02/2025 11:04:56,1000.0,26.7,33.1
21/02/2025 11:06:11,995.0,26.7,33.1
21/02/2025 11:11:11,999.0,26.7,33.1
21/02/2025 11:16:11,995.0,26.6,33.2
21/02/2025 11:21:10,1001.0,26.6,33.2
21/02/2025 11:26:10,1009.0,26.6,33.3
21/02/2025 11:31:09,985.0,26.6,33.3
21/02/2025 11:36:10,995.0,26.6,33.3
21/02/2025 11:41:09,993.0,26.7,33.3
21/02/2025 11:46:09,989.0,26.6,33.4
21/02/2025 11:51:09,987.0,26.5,33.5
21/02/2025 11:56:09,1002.0,26.5,33.6
21/02/2025 12:01:08,998.0,26.5,33.6
21/02/2025 12:04:53,995.0,26.6,33.6
21/02/2025 12:06:08,1003.0,26.5,33.6
21/02/2025 12:11:09,991.0,26.5,33.7
21/02/2025 12:16:09,1002.0,26.5,33.8
21/02/2025 12:21:08,998.0,26.4,33.8
21/02/2025 12:26:09,989.0,26.3,33.8
21/02/2025 12:31:07,987.0,26.2,33.8
21/02/2025 12:36:08,1007.0,26.1,33.8
21/02/2025 12:41:09,994.0,26.1,33.8
21/02/2025 12:46:09,990.0,31.5,29.3
21/02/2025 12:51:07,999.0,38.4,24.8
21/02/2025 12:56:09,1013.0,42.2,23.2
21/02/2025 13:01:08,988.0,44.0,22.6
21/02/2025 13:04:53,993.0,44.8,22.4
21/02/2025 13:06:09,1002.0,44.9,22.4
21/02/2025 13:11:14,1009.0,45.4,22.3
21/02/2025 13:16:08,999.0,45.8,22.2
21/02/2025 13:21:08,998.0,45.8,22.2
21/02/2025 13:26:08,996.0,46.0,22.2
21/02/2025 13:31:07,1007.0,50.2,22.8
21/02/2025 13:36:08,1006.0,36.3,28.0
21/02/2025 13:41:07,1016.0,32.2,30.2
21/02/2025 13:46:07,991.0,30.2,31.5
21/02/2025 13:51:07,1000.0,29.2,32.1
21/02/2025 13:56:07,1004.0,28.6,32.5
21/02/2025 14:01:06,1008.0,28.1,32.9
21/02/2025 14:04:51,1001.0,27.9,32.9
21/02/2025 14:06:06,1004.0,27.9,32.9
21/02/2025 14:11:06,1002.0,27.7,33.0
21/02/2025 14:16:06,1005.0,27.5,33.2
21/02/2025 14:21:06,1010.0,27.2,33.3
21/02/2025 14:26:06,1001.0,27.1,33.4
21/02/2025 14:31:06,1001.0,27.1,33.4
21/02/2025 14:36:05,1003.0,27.1,33.4
21/02/2025 14:41:05,1007.0,26.9,33.6
21/02/2025 14:46:05,998.0,26.7,33.9
21/02/2025 14:51:05,993.0,26.5,33.9
21/02/2025 14:56:06,992.0,26.7,33.7
21/02/2025 15:01:05,998.0,26.7,33.7
21/02/2025 15:04:49,1002.0,26.7,33.8
21/02/2025 15:06:05,998.0,26.6,33.8
21/02/2025 15:11:05,1010.0,26.4,34.0
21/02/2025 15:16:04,998.0,26.3,34.0
21/02/2025 15:21:04,997.0,26.2,34.1
21/02/2025 15:26:04,991.0,26.1,34.1
21/02/2025 15:31:03,989.0,26.1,34.1
21/02/2025 15:36:03,991.0,26.0,34.2
21/02/2025 15:41:03,1011.0,26.0,34.1
21/02/2025 15:46:02,1001.0,25.9,34.2
21/02/2025 15:51:04,989.0,25.9,34.2
21/02/2025 15:56:03,995.0,25.9,34.1
21/02/2025 16:01:03,995.0,26.0,34.1
21/02/2025 16:04:48,987.0,25.9,34.2
21/02/2025 16:06:04,1006.0,25.9,34.2
21/02/2025 16:11:03,990.0,26.0,34.1
21/02/2025 16:16:03,988.0,25.9,34.2
21/02/2025 16:21:03,992.0,25.7,34.3
21/02/2025 16:26:03,986.0,25.6,34.3
21/02/2025 16:31:03,1002.0,25.9,34.1
21/02/2025 16:36:02,999.0,25.9,34.1
21/02/2025 16:41:02,1009.0,25.8,34.0
21/02/2025 16:46:02,998.0,25.7,34.0
21/02/2025 16:51:01,1003.0,25.8,33.9
21/02/2025 16:56:03,996.0,25.6,33.9
21/02/2025 17:01:02,1000.0,25.6,33.9
21/02/2025 17:04:46,997.0,25.4,33.9
21/02/2025 17:06:02,999.0,25.3,34.0
21/02/2025 17:11:02,1001.0,25.1,34.2
21/02/2025 17:16:01,991.0,25.2,34.1
21/02/2025 17:21:01,1000.0,24.9,34.1
21/02/2025 17:26:01,1001.0,24.7,34.1
21/02/2025 17:31:00,1005.0,24.5,34.1
21/02/2025 17:36:01,1004.0,24.4,34.2
21/02/2025 17:41:03,1009.0,24.5,34.1
21/02/2025 17:45:38,1010.0,24.6,34.0
21/02/2025 17:50:38,1008.0,24.7,34.0
21/02/2025 17:55:39,1004.0,24.8,34.0
21/02/2025 18:00:40,1007.0,25.0,33.8
21/02/2025 18:05:39,1006.0,25.1,33.8
21/02/2025 18:10:40,1001.0,25.1,33.8
21/02/2025 18:15:40,1008.0,25.1,33.9
21/02/2025 18:20:39,1009.0,25.1,33.8
21/02/2025 18:25:38,1012.0,25.1,33.9
21/02/2025 18:30:38,1014.0,25.0,34.0
21/02/2025 18:35:39,1014.0,25.0,34.0
21/02/2025 18:40:38,1011.0,25.1,34.1
21/02/2025 18:45:39,1013.0,25.2,34.0
21/02/2025 18:50:38,1003.0,25.5,33.8
21/02/2025 18:55:38,1012.0,25.6,33.8
21/02/2025 19:00:38,1014.0,25.6,33.7
21/02/2025 19:05:38,1003.0,25.7,33.7
21/02/2025 19:10:39,1016.0,25.8,33.8
21/02/2025 19:15:39,1010.0,25.6,33.8
21/02/2025 19:20:39,1009.0,25.7,33.7
21/02/2025 19:25:39,1014.0,25.7,33.8
21/02/2025 19:30:37,1006.0,25.6,33.7
21/02/2025 19:35:37,1009.0,25.5,33.8
21/02/2025 19:40:38,998.0,25.6,33.7
21/02/2025 19:45:38,1005.0,25.5,33.8
21/02/2025 19:50:37,1006.0,25.4,33.8
21/02/2025 19:55:37,1009.0,25.4,33.8
21/02/2025 20:00:37,1006.0,25.3,33.8
21/02/2025 20:05:37,1002.0,25.4,33.8
21/02/2025 20:10:36,1008.0,25.3,33.7
21/02/2025 20:15:36,998.0,25.4,33.7
21/02/2025 20:20:37,1009.0,25.3,33.7
21/02/2025 20:25:37,1003.0,25.3,33.7
21/02/2025 20:30:36,1010.0,25.3,33.7
21/02/2025 20:35:36,1010.0,25.2,33.7
21/02/2025 20:40:37,1010.0,25.2,33.7
21/02/2025 20:45:38,993.0,25.3,33.6
21/02/2025 20:50:38,1009.0,25.2,33.6
21/02/2025 20:55:38,1006.0,25.3,33.6
21/02/2025 21:00:38,1015.0,25.2,33.5
21/02/2025 21:05:38,1009.0,25.3,33.5
21/02/2025 21:10:38,1013.0,25.3,33.5
21/02/2025 21:15:39,1010.0,25.2,33.5
21/02/2025 21:20:38,1005.0,25.2,33.5
21/02/2025 21:25:38,1007.0,25.2,33.5
21/02/2025 21:30:37,1003.0,25.2,33.5
21/02/2025 21:35:37,1008.0,25.2,33.4
21/02/2025 21:40:37,1011.0,25.3,33.4
21/02/2025 21:45:37,1003.0,25.3,33.4
21/02/2025 21:50:36,999.0,25.3,33.4
21/02/2025 21:55:37,1010.0,25.3,33.4
21/02/2025 22:00:37,998.0,25.3,33.4
21/02/2025 22:05:37,1004.0,25.3,33.3
21/02/2025 22:10:37,1009.0,25.2,33.3
21/02/2025 22:15:37,1010.0,25.2,33.3
21/02/2025 22:20:37,1010.0,25.2,33.3
21/02/2025 22:25:37,1014.0,25.2,33.3
21/02/2025 22:30:36,1007.0,25.3,33.3
21/02/2025 22:35:36,1013.0,25.3,33.3
21/02/2025 22:40:36,1001.0,25.2,33.3
21/02/2025 22:45:36,1007.0,25.2,33.3
21/02/2025 22:50:36,1007.0,25.3,33.3
21/02/2025 22:55:35,1002.0,25.2,33.3
21/02/2025 23:00:35,1009.0,25.2,33.3
21/02/2025 23:05:36,1009.0,25.2,33.2
21/02/2025 23:10:35,1008.0,25.2,33.3
21/02/2025 23:15:35,1011.0,25.3,33.2
21/02/2025 23:20:35,1003.0,25.2,33.3
21/02/2025 23:25:34,1007.0,25.2,33.2
21/02/2025 23:30:34,1010.0,25.2,33.2
21/02/2025 23:35:34,1007.0,25.2,33.2
21/02/2025 23:40:34,1016.0,25.2,33.2
21/02/2025 23:45:34,999.0,25.1,33.3
21/02/2025 23:50:35,1005.0,25.1,33.3
21/02/2025 23:55:35,1008.0,25.2,33.2
22/02/2025 00:00:35,1011.0,25.1,33.3
22/02/2025 00:05:34,1011.0,25.2,33.2
22/02/2025 00:10:34,1003.0,25.1,33.2
22/02/2025 00:15:35,1014.0,25.1,33.2
22/02/2025 00:20:34,1010.0,25.0,33.3
22/02/2025 00:25:33,1002.0,25.0,33.3
22/02/2025 00:30:34,1009.0,25.0,33.3
22/02/2025 00:35:34,1002.0,25.0,33.3
22/02/2025 00:40:33,1009.0,25.0,33.2
22/02/2025 00:45:33,1006.0,25.0,33.2
22/02/2025 00:50:33,1010.0,24.9,33.3
22/02/2025 00:55:32,1006.0,24.9,33.2
22/02/2025 01:00:32,1001.0,24.9,33.2
22/02/2025 01:05:32,1007.0,24.9,33.2
22/02/2025 01:10:32,1010.0,24.9,33.2
22/02/2025 01:15:31,1010.0,24.9,33.1
22/02/2025 01:20:32,1008.0,24.9,33.1
22/02/2025 01:25:32,1016.0,24.9,33.1
22/02/2025 01:30:32,1009.0,25.0,33.1
22/02/2025 01:35:32,1011.0,25.0,33.1
22/02/2025 01:40:31,1003.0,24.9,33.1
22/02/2025 01:45:31,1008.0,24.9,33.0
22/02/2025 01:50:32,1014.0,24.9,33.0
22/02/2025 01:55:32,1007.0,24.9,33.0
22/02/2025 02:00:32,1005.0,24.8,33.1
22/02/2025 02:05:31,1004.0,24.9,33.0
22/02/2025 02:10:31,1002.0,24.8,33.0
22/02/2025 02:15:31,1007.0,24.9,33.0
22/02/2025 02:20:31,1011.0,24.8,33.1
22/02/2025 02:25:30,1014.0,24.8,33.1
22/02/2025 02:30:30,1010.0,24.8,33.0
22/02/2025 02:35:31,1000.0,24.8,33.0
22/02/2025 02:40:31,1001.0,24.9,32.9
22/02/2025 02:45:32,1014.0,24.8,33.0
22/02/2025 02:50:31,1011.0,24.8,33.0
22/02/2025 02:55:31,1007.0,24.8,33.0
22/02/2025 03:00:31,1008.0,24.8,33.0
22/02/2025 03:05:30,1002.0,24.9,32.9
22/02/2025 03:10:30,1006.0,24.8,32.9
22/02/2025 03:15:30,1002.0,24.8,32.9
22/02/2025 03:20:30,998.0,24.8,32.9
22/02/2025 03:25:30,1003.0,24.8,33.0
22/02/2025 03:30:30,1007.0,24.8,32.9
22/02/2025 03:35:32,1008.0,24.8,32.9
22/02/2025 03:40:31,996.0,24.7,32.9
22/02/2025 03:45:31,1008.0,24.7,33.0
22/02/2025 03:50:32,1007.0,24.7,33.0
22/02/2025 03:55:32,1010.0,24.7,32.9
22/02/2025 04:00:32,1008.0,24.7,32.9
22/02/2025 04:05:31,997.0,24.7,33.0
22/02/2025 04:10:31,1009.0,24.7,32.9
22/02/2025 04:15:31,1002.0,24.7,33.0
22/02/2025 04:20:33,1010.0,24.6,33.0
22/02/2025 04:25:09,998.0,24.6,33.0
22/02/2025 04:29:54,1001.0,24.5,33.0
22/02/2025 04:34:54,1009.0,24.5,33.0
22/02/2025 04:39:53,1013.0,24.6,32.9
22/02/2025 04:44:53,1007.0,24.6,32.9
22/02/2025 05:04:52,1010.0,24.5,33.0
22/02/2025 05:06:06,1005.0,24.5,33.0
22/02/2025 05:11:07,1017.0,24.5,33.0
22/02/2025 05:16:06,1015.0,24.4,33.0
22/02/2025 05:21:06,1015.0,24.4,33.1
22/02/2025 05:26:05,1016.0,24.3,33.1
22/02/2025 05:31:05,1015.0,24.4,33.0
22/02/2025 05:36:05,1014.0,24.3,33.1
22/02/2025 05:41:05,1010.0,24.4,33.0
22/02/2025 05:46:05,1006.0,24.4,32.9
22/02/2025 05:51:04,1011.0,24.4,33.0
22/02/2025 05:56:04,1010.0,24.4,33.0
22/02/2025 06:01:03,1009.0,24.4,33.0
22/02/2025 06:04:48,1009.0,24.4,33.0
22/02/2025 06:06:04,1009.0,24.4,33.0
22/02/2025 06:11:03,1013.0,24.4,32.9
22/02/2025 06:16:03,1008.0,24.4,32.9
22/02/2025 06:21:02,996.0,24.4,32.9
22/02/2025 06:26:02,996.0,24.4,32.9
22/02/2025 06:31:02,1009.0,24.4,32.9
22/02/2025 06:36:03,1013.0,24.3,32.9
22/02/2025 06:41:02,1011.0,24.3,32.9
22/02/2025 06:46:01,1003.0,24.3,32.9
22/02/2025 06:51:01,1009.0,24.3,33.0
22/02/2025 06:56:01,1010.0,24.3,33.0
22/02/2025 07:01:02,1010.0,24.2,33.0
22/02/2025 07:04:46,1009.0,24.3,32.9
22/02/2025 07:06:01,1009.0,24.3,32.9
22/02/2025 07:11:01,1014.0,24.3,32.9
22/02/2025 07:16:00,1013.0,24.2,32.9
22/02/2025 07:21:00,1011.0,24.3,32.9
22/02/2025 07:26:01,1006.0,24.3,32.9
22/02/2025 07:31:01,1001.0,24.3,32.9
22/02/2025 07:36:00,1005.0,24.4,32.8
22/02/2025 07:41:00,1013.0,24.4,32.8
22/02/2025 07:46:00,1007.0,24.4,32.8
22/02/2025 07:51:00,1007.0,24.4,32.8
22/02/2025 07:56:00,1010.0,24.4,32.9
22/02/2025 08:01:00,1003.0,24.3,32.9
22/02/2025 08:04:45,1000.0,24.4,32.9
22/02/2025 08:05:59,1013.0,24.3,32.9
22/02/2025 08:11:00,1004.0,24.4,33.0
22/02/2025 08:16:02,1011.0,24.4,33.0
22/02/2025 08:21:01,1010.0,24.3,33.1
22/02/2025 08:26:01,1007.0,24.2,33.1
22/02/2025 08:31:00,1012.0,24.2,33.2
22/02/2025 08:36:00,1010.0,24.3,33.2
22/02/2025 08:41:00,1009.0,24.4,33.3
22/02/2025 08:45:59,1004.0,24.4,33.3
22/02/2025 08:51:00,1005.0,24.3,33.3
22/02/2025 08:56:00,1011.0,24.4,33.3
22/02/2025 09:01:00,1003.0,24.3,33.3
22/02/2025 09:04:44,1006.0,24.2,33.4
22/02/2025 09:06:00,1007.0,24.2,33.4
22/02/2025 09:11:00,1002.0,24.2,33.4
22/02/2025 09:16:01,1002.0,24.1,33.4
22/02/2025 09:21:01,1005.0,24.2,33.4
22/02/2025 09:26:01,998.0,24.2,33.3
22/02/2025 09:31:01,1009.0,24.1,33.4
22/02/2025 09:36:02,1014.0,24.0,33.5
22/02/2025 09:41:01,1005.0,24.0,33.5
22/02/2025 09:46:02,1007.0,24.0,33.4
22/02/2025 09:51:01,1014.0,24.0,33.5
22/02/2025 09:56:01,1003.0,24.0,33.5
22/02/2025 10:01:03,997.0,24.0,33.4
22/02/2025 10:04:45,1008.0,23.9,33.5
22/02/2025 10:06:00,1006.0,23.9,33.5
22/02/2025 10:11:01,1008.0,23.9,33.5
22/02/2025 10:15:59,1006.0,24.0,33.4
22/02/2025 10:21:00,1006.0,23.9,33.5
22/02/2025 10:25:59,1003.0,23.8,33.5
22/02/2025 10:30:58,1009.0,23.8,33.5
22/02/2025 10:35:58,1005.0,23.8,33.5
22/02/2025 10:40:58,1006.0,23.8,33.5
22/02/2025 10:45:58,994.0,23.8,33.5
22/02/2025 10:50:58,1010.0,23.7,33.6
22/02/2025 10:55:59,1010.0,23.6,33.6
22/02/2025 11:00:57,1011.0,23.6,33.5
22/02/2025 11:05:57,1007.0,23.6,33.6
22/02/2025 11:10:57,1004.0,23.5,33.7
22/02/2025 11:15:57,1013.0,23.5,33.6
22/02/2025 11:20:56,1013.0,23.5,33.6
22/02/2025 11:25:59,1001.0,23.4,33.7
22/02/2025 11:30:57,1008.0,23.4,33.7
22/02/2025 11:35:56,999.0,23.4,33.8
22/02/2025 11:40:57,998.0,23.4,33.8
22/02/2025 11:45:57,1007.0,23.4,33.8
22/02/2025 11:50:56,996.0,23.4,33.8
22/02/2025 11:55:57,1003.0,23.5,33.8
22/02/2025 12:00:57,1007.0,23.4,33.8
22/02/2025 12:05:57,1007.0,23.5,33.8
22/02/2025 12:10:56,1010.0,23.6,33.9
22/02/2025 12:15:56,1003.0,23.4,33.8
22/02/2025 12:20:56,1007.0,23.5,33.8
22/02/2025 12:25:55,1011.0,23.5,33.8
22/02/2025 12:30:55,998.0,23.5,33.9
22/02/2025 12:35:55,1014.0,23.5,33.8
22/02/2025 12:40:56,1012.0,23.6,33.8
22/02/2025 12:45:56,1011.0,23.5,33.8
22/02/2025 12:50:56,1007.0,23.5,33.9
22/02/2025 12:55:57,1011.0,23.4,33.9
22/02/2025 13:00:58,1011.0,23.5,33.9
22/02/2025 13:05:57,1012.0,23.4,33.9
22/02/2025 13:10:58,1010.0,23.5,33.9
22/02/2025 13:15:58,1008.0,23.3,33.9
22/02/2025 13:20:57,997.0,23.3,33.9
22/02/2025 13:25:58,1009.0,23.2,34.0
22/02/2025 13:30:59,1009.0,23.2,34.0
22/02/2025 13:35:59,1004.0,23.1,34.0
22/02/2025 13:41:00,1018.0,23.2,34.0
22/02/2025 13:45:59,1007.0,23.2,34.0
22/02/2025 13:50:58,1009.0,23.2,33.9
22/02/2025 13:55:58,1006.0,23.2,33.9
22/02/2025 14:00:58,1010.0,22.9,34.0
22/02/2025 14:05:58,1009.0,23.2,34.0
22/02/2025 14:10:57,1006.0,23.1,34.0
22/02/2025 14:15:57,1003.0,23.2,34.0
22/02/2025 14:20:57,1006.0,23.2,34.0
22/02/2025 14:25:56,1014.0,23.2,34.0
22/02/2025 14:30:56,1009.0,23.2,34.0
22/02/2025 14:35:56,1001.0,23.0,34.0
22/02/2025 14:40:56,1006.0,23.0,34.1
22/02/2025 14:45:57,1007.0,23.1,34.0
22/02/2025 14:50:57,1003.0,23.1,34.0
22/02/2025 14:55:58,1004.0,23.2,33.9
22/02/2025 15:00:58,1011.0,22.9,34.1
22/02/2025 15:05:59,1001.0,22.9,34.0
22/02/2025 15:10:59,999.0,23.0,34.0
22/02/2025 15:15:59,1010.0,23.0,34.1
22/02/2025 15:20:35,1009.0,23.0,34.0
22/02/2025 15:25:35,1010.0,22.9,34.1
22/02/2025 15:30:36,1003.0,23.0,34.0
22/02/2025 15:35:36,1012.0,22.9,34.1
22/02/2025 15:40:35,1013.0,22.8,34.1
22/02/2025 15:45:35,1005.0,23.1,34.1
22/02/2025 15:50:34,1010.0,23.0,34.1
22/02/2025 15:55:35,1006.0,22.9,34.1
22/02/2025 16:00:36,1012.0,23.0,34.1
22/02/2025 16:05:37,1011.0,23.0,34.0
22/02/2025 16:10:36,1010.0,23.1,34.0
22/02/2025 16:15:37,1008.0,23.2,33.9
22/02/2025 16:20:38,1010.0,23.2,33.9
22/02/2025 16:25:37,1002.0,23.3,33.9
22/02/2025 16:30:37,1010.0,23.1,33.8
22/02/2025 16:35:37,1002.0,23.2,33.9
22/02/2025 16:40:37,1012.0,23.2,33.8
22/02/2025 16:45:36,1007.0,23.1,33.9
22/02/2025 16:50:36,1004.0,23.2,33.8
22/02/2025 16:55:37,1013.0,23.2,33.9
22/02/2025 17:00:36,1011.0,23.2,33.7
22/02/2025 17:05:37,1009.0,23.1,33.8
22/02/2025 17:10:37,1006.0,23.2,33.7
22/02/2025 17:15:37,1002.0,23.3,33.7
22/02/2025 17:20:36,1011.0,23.4,33.7
22/02/2025 17:25:37,1008.0,23.4,33.7
22/02/2025 17:30:37,1009.0,23.4,33.6
22/02/2025 17:35:36,1004.0,23.4,33.6
22/02/2025 17:40:37,1016.0,23.3,33.7
22/02/2025 17:45:37,1011.0,23.4,33.6
22/02/2025 17:50:36,1011.0,23.5,33.6
22/02/2025 17:55:36,1016.0,23.4,33.7
22/02/2025 18:00:36,1003.0,23.3,33.8
22/02/2025 18:05:37,1010.0,23.2,33.9
22/02/2025 18:10:37,1010.0,23.1,34.0
22/02/2025 18:15:37,1010.0,23.1,33.9
22/02/2025 18:20:36,1001.0,23.1,33.9
22/02/2025 18:25:36,1016.0,23.1,33.9
22/02/2025 18:30:36,1007.0,23.3,33.7
22/02/2025 18:35:36,1016.0,23.4,33.6
22/02/2025 18:40:41,1007.0,23.6,33.4
22/02/2025 18:45:35,1011.0,23.6,33.5
22/02/2025 18:50:35,1000.0,23.6,33.5
22/02/2025 18:55:35,1003.0,23.5,33.6
22/02/2025 19:00:35,1011.0,23.5,33.5
22/02/2025 19:05:35,1009.0,23.5,33.5
22/02/2025 19:10:36,1006.0,23.6,33.5
22/02/2025 19:15:34,1010.0,23.6,33.5
22/02/2025 19:20:34,1005.0,23.5,33.5
22/02/2025 19:25:33,1006.0,23.6,33.5
22/02/2025 19:30:33,1006.0,23.6,33.5
22/02/2025 19:35:33,1010.0,23.5,33.5
22/02/2025 19:40:33,1011.0,23.6,33.5
22/02/2025 19:45:32,1010.0,23.6,33.5
22/02/2025 19:50:33,1011.0,23.6,33.5
22/02/2025 19:55:34,1007.0,23.6,33.5
22/02/2025 20:00:34,1001.0,23.6,33.5
22/02/2025 20:05:33,1008.0,23.5,33.5
22/02/2025 20:10:33,1008.0,23.5,33.5
22/02/2025 20:15:33,1011.0,23.6,33.4
22/02/2025 20:20:33,1012.0,23.6,33.4
22/02/2025 20:25:35,1002.0,23.5,33.5
22/02/2025 20:30:32,1004.0,23.6,33.5
22/02/2025 20:35:32,1009.0,23.6,33.4
22/02/2025 20:40:34,1011.0,23.6,33.4
22/02/2025 20:45:35,1006.0,23.5,33.5
22/02/2025 20:50:33,998.0,23.5,33.5
22/02/2025 20:55:34,1009.0,23.5,33.5
22/02/2025 21:00:34,1008.0,23.5,33.5
22/02/2025 21:05:35,1002.0,23.5,33.5
22/02/2025 21:10:35,1009.0,23.5,33.4
22/02/2025 21:15:35,1010.0,23.5,33.5
22/02/2025 21:20:35,1012.0,23.5,33.4
22/02/2025 21:25:34,1012.0,23.5,33.4
22/02/2025 21:30:34,1005.0,23.5,33.3
22/02/2025 21:35:34,1011.0,23.5,33.3
22/02/2025 21:40:34,1016.0,23.5,33.3
22/02/2025 21:45:34,1000.0,23.5,33.3
22/02/2025 21:50:34,1011.0,23.4,33.4
22/02/2025 21:55:34,1009.0,23.3,33.4
22/02/2025 22:00:35,1006.0,23.3,33.4
22/02/2025 22:05:35,1004.0,23.3,33.4
22/02/2025 22:10:35,1004.0,23.2,33.4
22/02/2025 22:15:33,1006.0,23.2,33.4
22/02/2025 22:20:33,1010.0,23.2,33.4
22/02/2025 22:25:33,1009.0,23.2,33.4
22/02/2025 22:30:33,1008.0,23.0,33.4
22/02/2025 22:35:33,1011.0,23.1,33.4
22/02/2025 22:40:33,1011.0,23.0,33.4
22/02/2025 22:45:32,1013.0,23.0,33.4
22/02/2025 22:50:32,1006.0,23.1,33.4
22/02/2025 22:55:34,1007.0,23.0,33.4
22/02/2025 23:00:33,1011.0,23.0,33.4
22/02/2025 23:05:32,1011.0,22.9,33.4
22/02/2025 23:10:33,1006.0,22.9,33.4
22/02/2025 23:15:33,1010.0,22.9,33.4
22/02/2025 23:20:34,1010.0,22.8,33.4
22/02/2025 23:25:33,1012.0,22.8,33.4
22/02/2025 23:30:33,1012.0,22.7,33.4
22/02/2025 23:35:33,1010.0,22.8,33.4
22/02/2025 23:40:32,1011.0,22.8,33.3
22/02/2025 23:45:32,1013.0,22.8,33.3
22/02/2025 23:50:32,1011.0,22.7,33.3
22/02/2025 23:55:32,1005.0,22.8,33.3
23/02/2025 00:00:31,1008.0,22.7,33.3
23/02/2025 00:05:32,1016.0,22.7,33.3
23/02/2025 00:10:32,1014.0,22.7,33.2
23/02/2025 00:15:32,1002.0,22.7,33.3
23/02/2025 00:20:32,998.0,22.7,33.2
23/02/2025 00:25:33,1011.0,22.7,33.2
23/02/2025 00:30:31,1011.0,22.6,33.3
23/02/2025 00:35:31,1013.0,22.5,33.2
23/02/2025 00:40:31,1009.0,22.6,33.2
23/02/2025 00:45:31,1010.0,22.5,33.2
23/02/2025 00:50:31,996.0,22.5,33.2
23/02/2025 00:55:31,1007.0,22.5,33.2
23/02/2025 01:00:31,1008.0,22.4,33.2
23/02/2025 01:05:31,1010.0,22.4,33.2
23/02/2025 01:10:32,1006.0,22.4,33.2
23/02/2025 01:15:31,1015.0,22.4,33.1
23/02/2025 01:20:32,1017.0,22.4,33.1
23/02/2025 01:25:32,1010.0,22.3,33.1
23/02/2025 01:30:09,1009.0,22.3,33.1
23/02/2025 01:35:09,996.0,22.2,33.1
23/02/2025 01:40:09,1011.0,22.2,33.1
23/02/2025 01:45:08,1011.0,22.1,33.1
23/02/2025 01:49:53,1011.0,22.1,33.1
23/02/2025 01:54:53,1005.0,22.0,33.1
23/02/2025 01:59:52,1000.0,22.0,33.1
23/02/2025 02:04:52,1012.0,21.9,33.1
23/02/2025 02:06:07,1010.0,21.9,33.1
23/02/2025 02:11:08,1011.0,21.9,33.1
23/02/2025 02:16:07,1014.0,21.9,33.0
23/02/2025 02:21:07,1010.0,21.8,33.1
23/02/2025 02:26:06,1011.0,21.8,33.1
23/02/2025 02:31:06,997.0,21.8,33.1
23/02/2025 02:36:05,1011.0,21.7,33.1
23/02/2025 02:41:06,1007.0,21.7,33.1
23/02/2025 02:46:07,1016.0,21.8,33.0
23/02/2025 02:51:05,1011.0,21.7,33.0
23/02/2025 02:56:05,1011.0,21.7,33.1
23/02/2025 03:01:04,1010.0,21.7,33.0
23/02/2025 03:04:49,1010.0,21.7,33.1
23/02/2025 03:06:05,1015.0,21.7,33.1
23/02/2025 03:11:05,1011.0,21.7,33.0
23/02/2025 03:16:05,1015.0,21.7,33.1
23/02/2025 03:21:04,1013.0,21.7,33.0
23/02/2025 03:26:04,1013.0,21.6,33.0
23/02/2025 03:31:03,1011.0,21.7,33.0
23/02/2025 03:36:04,1006.0,21.7,33.0
23/02/2025 03:41:03,1007.0,21.6,33.0
23/02/2025 03:46:03,1007.0,21.6,33.0
23/02/2025 03:51:02,999.0,21.6,33.1
23/02/2025 03:56:03,1002.0,21.6,33.0
23/02/2025 04:01:03,1010.0,21.6,33.0
23/02/2025 04:04:48,1011.0,21.7,33.0
23/02/2025 04:06:03,1007.0,21.6,33.0
23/02/2025 04:11:03,1005.0,21.7,33.0
23/02/2025 04:16:02,1001.0,21.6,33.0
23/02/2025 04:21:02,1008.0,21.6,33.0
23/02/2025 04:26:02,1016.0,21.6,33.0
23/02/2025 04:31:01,1017.0,21.6,33.0
23/02/2025 04:36:02,1016.0,21.6,33.0
23/02/2025 04:41:02,1017.0,21.6,32.9
23/02/2025 04:46:01,1015.0,21.6,32.9
23/02/2025 04:51:02,1015.0,21.6,33.0
23/02/2025 04:56:02,1007.0,21.6,33.0
23/02/2025 05:01:02,1010.0,21.5,33.1
23/02/2025 05:04:46,1012.0,21.5,33.0
23/02/2025 05:06:01,1014.0,21.5,33.1
23/02/2025 05:11:01,1013.0,21.5,33.0
23/02/2025 05:16:01,1006.0,21.5,33.0
23/02/2025 05:21:00,1008.0,21.5,33.0
23/02/2025 05:26:00,1012.0,21.5,33.1
23/02/2025 05:31:00,1007.0,21.4,33.0
23/02/2025 05:36:00,1011.0,21.4,33.0
23/02/2025 05:40:59,1008.0,21.5,33.0
23/02/2025 05:45:59,1010.0,21.4,33.1
23/02/2025 05:50:59,1001.0,21.4,33.1
23/02/2025 05:55:59,1009.0,21.4,33.0
23/02/2025 06:00:59,1001.0,21.4,33.0
23/02/2025 06:04:43,1007.0,21.4,33.0
23/02/2025 06:05:58,1014.0,21.4,33.0
23/02/2025 06:10:58,999.0,21.4,33.0
23/02/2025 06:15:58,1010.0,21.3,33.1
23/02/2025 06:20:58,1007.0,21.4,33.0
23/02/2025 06:25:58,1010.0,21.4,33.0
23/02/2025 06:30:58,1006.0,21.4,33.0
23/02/2025 06:35:57,1011.0,21.4,32.9
23/02/2025 06:40:57,1006.0,21.4,33.0
23/02/2025 06:45:58,1005.0,21.4,32.9
23/02/2025 06:50:57,1005.0,21.5,32.9
23/02/2025 06:55:58,1010.0,21.4,33.0
23/02/2025 07:00:58,1014.0,21.4,33.0
23/02/2025 07:05:57,1007.0,21.4,33.0
23/02/2025 07:10:57,1010.0,21.5,32.9
23/02/2025 07:15:57,999.0,21.5,32.9
23/02/2025 07:20:57,1001.0,21.5,33.0
23/02/2025 07:25:57,1007.0,21.5,33.0
23/02/2025 07:30:57,1009.0,21.5,33.0
23/02/2025 07:35:58,1004.0,21.6,32.9
23/02/2025 07:40:57,1015.0,21.6,32.9
23/02/2025 07:45:57,1003.0,21.6,32.9
23/02/2025 07:50:58,1012.0,21.7,32.9
23/02/2025 07:55:59,1008.0,21.6,33.0
23/02/2025 08:00:59,1011.0,21.7,33.0
23/02/2025 08:04:43,1009.0,21.7,33.0
23/02/2025 08:05:59,1009.0,21.7,33.0
23/02/2025 08:10:58,1013.0,21.6,33.1
23/02/2025 08:15:58,1014.0,21.6,33.1
23/02/2025 08:20:59,1005.0,21.6,33.1
23/02/2025 08:25:58,1011.0,21.7,33.1
23/02/2025 08:30:58,1003.0,21.6,33.1
23/02/2025 08:35:57,1008.0,21.5,33.3
23/02/2025 08:40:57,1010.0,21.5,33.3
23/02/2025 08:45:58,1002.0,21.5,33.3
23/02/2025 08:50:58,1007.0,21.5,33.3
23/02/2025 08:55:58,1004.0,21.5,33.3
23/02/2025 09:00:57,1011.0,21.5,33.3
23/02/2025 09:05:58,1011.0,21.6,33.3
23/02/2025 09:10:58,1009.0,21.6,33.3
23/02/2025 09:15:58,1010.0,21.6,33.3
23/02/2025 09:20:59,1011.0,21.6,33.4
23/02/2025 09:25:59,1010.0,21.6,33.4
23/02/2025 09:30:59,1012.0,21.6,33.4
23/02/2025 09:35:59,1010.0,21.6,33.4
23/02/2025 09:40:59,1010.0,21.6,33.3
23/02/2025 09:46:01,1012.0,21.7,33.3
23/02/2025 09:51:00,1006.0,21.6,33.4
23/02/2025 09:56:00,1014.0,21.6,33.4
23/02/2025 10:01:00,1008.0,21.6,33.5
23/02/2025 10:04:44,1010.0,21.6,33.5
23/02/2025 10:05:59,1006.0,21.6,33.5
23/02/2025 10:10:59,1001.0,21.6,33.5
23/02/2025 10:15:59,1003.0,21.6,33.6
23/02/2025 10:21:00,1011.0,21.6,33.6
23/02/2025 10:25:59,1008.0,21.6,33.5
23/02/2025 10:30:59,1011.0,21.6,33.6
23/02/2025 10:35:59,1010.0,21.5,33.7
23/02/2025 10:40:59,1011.0,21.5,33.7
23/02/2025 10:45:59,1010.0,21.5,33.7
23/02/2025 10:50:59,1007.0,21.5,33.7
23/02/2025 10:55:58,1009.0,21.5,33.7
23/02/2025 11:01:00,1010.0,21.5,33.7
23/02/2025 11:04:44,1012.0,21.4,33.7
23/02/2025 11:05:58,1010.0,21.5,33.7
23/02/2025 11:10:59,1007.0,21.5,33.7
23/02/2025 11:15:58,1014.0,21.4,33.7
23/02/2025 11:20:59,1012.0,21.5,33.7
23/02/2025 11:25:58,1002.0,21.6,33.6
23/02/2025 11:30:58,1010.0,21.5,33.7
23/02/2025 11:35:58,1011.0,21.6,33.6
23/02/2025 11:40:58,1006.0,21.5,33.7
23/02/2025 11:45:57,1001.0,21.5,33.7
23/02/2025 11:50:57,1009.0,21.5,33.7
23/02/2025 11:55:57,1005.0,21.5,33.7
23/02/2025 12:00:57,1006.0,21.5,33.7
23/02/2025 12:05:57,1012.0,21.5,33.7
23/02/2025 12:10:57,1007.0,21.5,33.7
23/02/2025 12:15:56,1009.0,21.5,33.8
23/02/2025 12:20:56,1012.0,21.6,33.7
23/02/2025 12:25:56,1005.0,21.6,33.7
23/02/2025 12:30:56,1014.0,21.5,33.8
23/02/2025 12:35:56,1008.0,21.5,33.7
23/02/2025 12:40:55,1013.0,21.5,33.8
23/02/2025 12:45:56,1010.0,21.4,33.9
23/02/2025 12:50:34,999.0,21.5,33.8
23/02/2025 12:55:35,1011.0,21.5,33.8
23/02/2025 13:00:35,1011.0,21.5,33.8
23/02/2025 13:05:35,1003.0,21.4,33.8
23/02/2025 13:10:34,1012.0,21.5,33.8
23/02/2025 13:15:34,1007.0,21.5,33.8
23/02/2025 13:20:33,1003.0,21.5,33.8
23/02/2025 13:25:33,1010.0,21.5,33.9
23/02/2025 13:30:34,1011.0,21.6,33.8
23/02/2025 13:35:33,997.0,21.5,33.8
23/02/2025 13:40:33,1008.0,21.5,33.9
23/02/2025 13:45:33,998.0,21.4,34.0
23/02/2025 13:50:33,1013.0,21.4,34.0
23/02/2025 13:55:33,1010.0,21.5,34.0
23/02/2025 14:00:33,1010.0,21.6,33.8
23/02/2025 14:05:34,1008.0,21.7,33.9
23/02/2025 14:10:33,1011.0,21.7,33.8
23/02/2025 14:15:33,1006.0,21.9,33.7
23/02/2025 14:20:33,1012.0,21.8,33.9
23/02/2025 14:25:33,1005.0,21.8,34.0
23/02/2025 14:30:32,1006.0,21.7,34.0
23/02/2025 14:35:32,1010.0,21.8,34.0
23/02/2025 14:40:34,1013.0,22.0,33.9
23/02/2025 14:45:34,1011.0,22.0,34.0
23/02/2025 14:50:33,1010.0,22.0,33.9
23/02/2025 14:55:33,1004.0,22.0,34.0
23/02/2025 15:00:33,1014.0,22.0,34.0
23/02/2025 15:05:34,1008.0,22.0,34.0
23/02/2025 15:10:34,1008.0,22.1,34.0
23/02/2025 15:15:34,1010.0,22.2,33.9
23/02/2025 15:20:33,999.0,22.3,33.9
23/02/2025 15:25:34,1010.0,22.4,33.7
23/02/2025 15:30:34,1012.0,22.5,33.6
23/02/2025 15:35:34,1014.0,22.4,33.8
23/02/2025 15:40:34,1011.0,22.2,33.9
23/02/2025 15:45:33,1011.0,22.2,33.9
23/02/2025 15:50:34,1005.0,22.2,34.0
23/02/2025 15:55:34,1007.0,22.1,34.0
23/02/2025 16:00:34,1009.0,22.1,34.0
23/02/2025 16:05:33,1011.0,22.2,33.9
23/02/2025 16:10:33,1010.0,22.1,34.0
23/02/2025 16:15:32,999.0,22.1,33.9
23/02/2025 16:20:34,1012.0,22.1,33.9
23/02/2025 16:25:34,1009.0,22.1,33.8
23/02/2025 16:30:33,1006.0,22.2,33.7
23/02/2025 16:35:33,1011.0,22.1,33.8
23/02/2025 16:40:32,1006.0,22.0,33.9
23/02/2025 16:45:33,1006.0,22.0,33.9
23/02/2025 16:50:34,1005.0,22.0,33.9
23/02/2025 16:55:34,1014.0,22.0,34.0
23/02/2025 17:00:34,998.0,22.0,33.9
23/02/2025 17:05:33,1017.0,22.0,33.9
23/02/2025 17:10:33,1007.0,22.0,33.9
23/02/2025 17:15:33,1005.0,22.1,33.8
23/02/2025 17:20:33,1005.0,22.2,33.7
23/02/2025 17:25:34,1010.0,22.3,33.6
23/02/2025 17:30:34,1014.0,22.4,33.5
23/02/2025 17:35:34,1011.0,22.4,33.5
23/02/2025 17:40:33,1011.0,22.4,33.5
23/02/2025 17:45:33,1011.0,22.4,33.5
23/02/2025 17:50:33,1007.0,22.5,33.5
23/02/2025 17:55:33,1007.0,22.5,33.4
23/02/2025 18:00:32,1011.0,22.4,33.5
23/02/2025 18:05:34,1008.0,22.5,33.5
23/02/2025 18:10:33,1011.0,22.5,33.5
23/02/2025 18:15:33,1003.0,22.6,33.4
23/02/2025 18:20:32,1002.0,22.6,33.4
23/02/2025 18:25:32,1008.0,22.6,33.4
23/02/2025 18:30:32,1009.0,22.7,33.4
23/02/2025 18:35:32,1004.0,22.7,33.4
23/02/2025 18:40:32,997.0,22.8,33.4
23/02/2025 18:45:31,1009.0,22.8,33.4
23/02/2025 18:50:31,1004.0,22.9,33.4
23/02/2025 18:55:31,1011.0,22.9,33.4
23/02/2025 19:00:31,1010.0,23.0,33.4
23/02/2025 19:05:30,1007.0,23.0,33.4
23/02/2025 19:10:30,1010.0,23.2,33.3
23/02/2025 19:15:30,1017.0,23.2,33.3
23/02/2025 19:20:30,1015.0,23.3,33.4
23/02/2025 19:25:30,1008.0,23.3,33.4
23/02/2025 19:30:30,1015.0,23.4,33.3
23/02/2025 19:35:30,1009.0,23.5,33.3
23/02/2025 19:40:31,1015.0,23.5,33.3
23/02/2025 19:45:31,1010.0,23.6,33.3
23/02/2025 19:50:31,1012.0,23.6,33.4
23/02/2025 19:55:31,1008.0,23.6,33.3
23/02/2025 20:00:31,1012.0,23.6,33.4
23/02/2025 20:05:30,1014.0,23.7,33.3
23/02/2025 20:10:30,996.0,23.7,33.3
23/02/2025 20:15:31,1012.0,23.8,33.3
23/02/2025 20:20:31,1011.0,23.8,33.3
23/02/2025 20:25:31,1009.0,23.8,33.3
23/02/2025 20:30:32,1011.0,23.9,33.3
23/02/2025 20:35:31,1009.0,24.0,33.3
23/02/2025 20:40:31,1002.0,24.0,33.2
23/02/2025 20:45:32,1009.0,24.1,33.2
23/02/2025 20:50:31,1008.0,24.1,33.3
23/02/2025 20:55:31,1012.0,24.1,33.3
23/02/2025 21:00:31,1014.0,24.1,33.2
23/02/2025 21:05:31,998.0,24.1,33.3
23/02/2025 21:10:31,1013.0,24.2,33.2
23/02/2025 21:15:31,1014.0,24.2,33.2
23/02/2025 21:20:30,1003.0,24.2,33.2
23/02/2025 21:25:30,1015.0,24.2,33.2
23/02/2025 21:30:30,1016.0,24.2,33.2
23/02/2025 21:35:30,1015.0,24.2,33.3
23/02/2025 21:40:30,997.0,24.2,33.3
23/02/2025 21:45:30,1016.0,24.2,33.3
23/02/2025 21:50:30,1010.0,24.3,33.3
23/02/2025 21:55:31,1010.0,24.4,33.2
23/02/2025 22:00:30,1007.0,24.3,33.3
23/02/2025 22:05:32,1006.0,24.4,33.2
23/02/2025 22:10:08,1011.0,24.4,33.3
23/02/2025 22:15:09,1011.0,24.4,33.2
23/02/2025 22:20:09,1012.0,24.5,33.2
23/02/2025 22:25:08,1002.0,24.5,33.2
23/02/2025 22:29:53,1002.0,24.5,33.1
23/02/2025 22:34:52,996.0,24.6,33.1
23/02/2025 22:39:52,1003.0,24.5,33.2
23/02/2025 22:44:52,1004.0,24.5,33.2
23/02/2025 23:04:52,1011.0,24.5,33.2
23/02/2025 23:06:07,1012.0,24.6,33.2
23/02/2025 23:11:07,1010.0,24.6,33.2
23/02/2025 23:16:06,1012.0,24.6,33.2
23/02/2025 23:21:06,1012.0,24.5,33.3
23/02/2025 23:26:06,1010.0,24.6,33.2
23/02/2025 23:31:05,1012.0,24.7,33.2
23/02/2025 23:36:06,1012.0,24.6,33.2
23/02/2025 23:41:05,1014.0,24.6,33.2
23/02/2025 23:46:05,1010.0,24.6,33.2
23/02/2025 23:51:05,1010.0,24.6,33.2
23/02/2025 23:56:05,1004.0,24.7,33.2
24/02/2025 00:01:04,1006.0,24.6,33.2
24/02/2025 00:04:49,1010.0,24.6,33.2
24/02/2025 00:06:04,1011.0,24.7,33.2
24/02/2025 00:11:04,1011.0,24.7,33.1
24/02/2025 00:16:03,1010.0,24.8,33.1
24/02/2025 00:21:03,1000.0,24.7,33.1
24/02/2025 00:26:03,1013.0,24.7,33.1
24/02/2025 00:31:03,1015.0,24.8,33.1
24/02/2025 00:36:02,1012.0,24.8,33.1
24/02/2025 00:41:02,1009.0,24.7,33.1
24/02/2025 00:46:02,1011.0,24.8,33.1
24/02/2025 00:51:03,1016.0,24.7,33.1
24/02/2025 00:56:02,1001.0,24.8,33.1
24/02/2025 01:01:02,999.0,24.8,33.1
24/02/2025 01:04:46,1011.0,24.7,33.1
24/02/2025 01:06:01,1010.0,24.7,33.1
24/02/2025 01:11:02,1010.0,24.8,33.1
24/02/2025 01:16:01,1012.0,24.8,33.0
24/02/2025 01:21:01,1011.0,24.9,33.0
24/02/2025 01:26:01,1013.0,24.8,33.0
24/02/2025 01:31:00,998.0,24.8,33.1
24/02/2025 01:36:00,995.0,24.9,33.0
24/02/2025 01:40:59,1008.0,24.9,33.0
24/02/2025 01:45:59,1010.0,24.8,33.0
24/02/2025 01:51:00,1010.0,24.9,33.0
24/02/2025 01:56:00,1011.0,24.9,33.0
24/02/2025 02:00:59,1011.0,24.9,33.0
24/02/2025 02:04:44,1010.0,24.9,33.0
24/02/2025 02:05:59,1004.0,24.9,33.0
24/02/2025 02:10:58,1002.0,24.9,33.0
24/02/2025 02:15:58,1014.0,24.9,33.0
24/02/2025 02:20:58,1009.0,24.9,33.0
24/02/2025 02:25:58,1009.0,24.9,33.0
24/02/2025 02:30:58,1015.0,24.9,33.0
24/02/2025 02:35:59,1010.0,24.9,33.0
24/02/2025 02:40:59,1009.0,24.9,33.0
24/02/2025 02:45:58,1002.0,25.0,33.0
24/02/2025 02:50:59,1008.0,25.0,32.9
24/02/2025 02:55:57,1010.0,25.0,32.9
24/02/2025 03:00:57,1001.0,25.0,32.9
24/02/2025 03:05:57,1006.0,25.0,32.9
24/02/2025 03:10:57,1007.0,25.0,32.9
24/02/2025 03:15:58,1010.0,25.0,32.9
24/02/2025 03:20:57,1011.0,25.1,32.9
24/02/2025 03:25:58,1005.0,25.0,33.0
24/02/2025 03:30:59,999.0,25.0,33.0
24/02/2025 03:35:58,1009.0,25.1,32.9
24/02/2025 03:40:58,1009.0,25.1,33.0
24/02/2025 03:45:58,1000.0,25.1,32.9
24/02/2025 03:50:57,1011.0,25.1,32.9
24/02/2025 03:55:57,1006.0,25.1,32.9
24/02/2025 04:00:58,1010.0,25.2,32.9
24/02/2025 04:05:59,999.0,25.2,32.9
24/02/2025 04:10:59,1008.0,25.2,32.9
24/02/2025 04:15:58,1015.0,25.2,32.9
24/02/2025 04:20:58,1014.0,25.2,32.9
24/02/2025 04:25:57,1010.0,25.3,32.8
24/02/2025 04:30:57,1011.0,25.3,32.8
24/02/2025 04:35:57,1005.0,25.3,32.8
24/02/2025 04:40:57,998.0,25.4,32.8
24/02/2025 04:45:56,1008.0,25.4,32.8
24/02/2025 04:50:56,1007.0,25.3,32.8
24/02/2025 04:55:57,1010.0,25.4,32.8
24/02/2025 05:00:57,1015.0,25.4,32.8
24/02/2025 05:05:56,1015.0,25.4,32.8
24/02/2025 05:10:56,1015.0,25.4,32.8
24/02/2025 05:15:57,1014.0,25.4,32.8
24/02/2025 05:20:56,1016.0,25.4,32.8
24/02/2025 05:25:56,1016.0,25.4,32.8
24/02/2025 05:30:55,1007.0,25.4,32.7
24/02/2025 05:35:55,1010.0,25.5,32.7
24/02/2025 05:40:55,1010.0,25.5,32.7
24/02/2025 05:45:55,1001.0,25.4,32.7
24/02/2025 05:50:54,1011.0,25.5,32.7
24/02/2025 05:55:54,1015.0,25.5,32.7
24/02/2025 06:00:54,1003.0,25.5,32.7
24/02/2025 06:05:55,1010.0,25.5,32.7
24/02/2025 06:10:54,1010.0,25.5,32.7
24/02/2025 06:15:54,1000.0,25.5,32.7
24/02/2025 06:20:54,1009.0,25.5,32.7
24/02/2025 06:25:54,1006.0,25.5,32.6
24/02/2025 06:30:52,997.0,25.6,32.6
24/02/2025 06:35:52,1015.0,25.5,32.7
24/02/2025 06:40:53,1010.0,25.5,32.7
24/02/2025 06:45:53,1015.0,25.6,32.6
24/02/2025 06:50:52,1008.0,25.5,32.6
24/02/2025 06:55:53,1007.0,25.5,32.6
24/02/2025 07:00:53,998.0,25.5,32.7
24/02/2025 07:05:53,1014.0,25.5,32.6
24/02/2025 07:10:53,1004.0,25.6,32.6
24/02/2025 07:15:53,1009.0,25.7,32.5
24/02/2025 07:20:53,1011.0,25.6,32.6
24/02/2025 07:25:52,1008.0,25.6,32.6
24/02/2025 07:30:52,1012.0,25.6,32.6
24/02/2025 07:35:52,1004.0,25.5,32.6
24/02/2025 07:40:52,1012.0,25.5,32.7
24/02/2025 07:45:53,1005.0,25.5,32.7
24/02/2025 07:50:52,1015.0,25.7,32.6
24/02/2025 07:55:52,1008.0,25.5,32.7
24/02/2025 08:00:52,1012.0,25.4,32.7
24/02/2025 08:05:53,1010.0,25.4,32.8
24/02/2025 08:10:51,1003.0,25.4,32.8
24/02/2025 08:15:53,1003.0,25.3,32.9
24/02/2025 08:20:52,1000.0,25.3,32.9
24/02/2025 08:25:53,1010.0,25.2,32.9
24/02/2025 08:30:54,1008.0,25.1,33.1
24/02/2025 08:35:53,1007.0,25.2,33.1
24/02/2025 08:40:53,1006.0,25.3,33.1
24/02/2025 08:45:54,1014.0,25.7,33.1
24/02/2025 08:50:53,992.0,25.8,33.1
24/02/2025 08:55:53,995.0,25.7,33.1
24/02/2025 09:00:54,1006.0,25.7,33.2
24/02/2025 09:05:54,1003.0,25.7,33.3
24/02/2025 09:10:53,994.0,25.7,33.3
24/02/2025 09:15:52,993.0,25.7,33.3
24/02/2025 09:20:53,989.0,25.6,33.4
24/02/2025 09:25:53,1004.0,25.4,33.5
24/02/2025 09:30:52,1004.0,25.4,33.5
24/02/2025 09:35:51,1011.0,25.5,33.5
24/02/2025 09:40:52,994.0,25.5,33.5
24/02/2025 09:45:51,990.0,28.3,32.3
24/02/2025 09:50:51,1001.0,35.5,25.9
24/02/2025 09:55:52,1005.0,40.3,23.5
24/02/2025 10:00:52,1003.0,42.8,22.6
24/02/2025 10:05:51,1009.0,44.2,22.2
24/02/2025 10:10:53,999.0,44.8,22.1
24/02/2025 10:15:52,1010.0,45.3,22.0
24/02/2025 10:20:52,1003.0,45.5,22.0
24/02/2025 10:25:53,992.0,45.7,22.0
24/02/2025 10:30:53,818.0,45.8,22.0
24/02/2025 10:35:53,821.0,46.0,22.0
24/02/2025 10:40:53,819.0,46.1,22.1
24/02/2025 10:45:53,825.0,46.1,22.1
24/02/2025 10:50:52,825.0,46.4,22.1
24/02/2025 10:55:53,826.0,46.6,22.0
24/02/2025 11:05:51,1013.0,34.2,29.1
24/02/2025 11:10:51,1012.0,31.5,30.5
24/02/2025 11:15:52,1012.0,30.0,31.4
24/02/2025 11:20:51,1011.0,28.9,32.0
24/02/2025 11:25:52,1006.0,28.2,32.3
24/02/2025 11:30:50,1003.0,27.8,32.6
24/02/2025 11:35:50,1003.0,27.5,32.8
24/02/2025 11:40:50,1007.0,27.3,33.1
24/02/2025 11:45:50,1012.0,27.1,33.2
24/02/2025 11:50:49,1008.0,26.8,33.4
24/02/2025 11:55:49,998.0,26.5,33.5
24/02/2025 12:00:50,1013.0,26.4,33.6
24/02/2025 12:05:49,999.0,26.5,33.6
24/02/2025 12:10:49,996.0,26.2,33.8
24/02/2025 12:15:50,998.0,26.0,33.9
24/02/2025 12:20:48,995.0,25.8,34.0
24/02/2025 12:25:49,993.0,25.8,34.1
24/02/2025 12:30:48,997.0,25.6,34.2
24/02/2025 12:35:49,997.0,25.7,34.4
24/02/2025 12:40:47,997.0,25.7,34.3
24/02/2025 12:45:48,1007.0,25.8,34.2
24/02/2025 12:50:47,1001.0,25.7,34.3
24/02/2025 12:55:47,1008.0,25.7,34.4
24/02/2025 13:00:46,1013.0,25.8,34.3
24/02/2025 13:05:46,987.0,25.7,34.3
24/02/2025 13:10:46,993.0,25.6,34.3
24/02/2025 13:15:45,1011.0,25.6,34.3
24/02/2025 13:20:47,1011.0,25.5,34.4
24/02/2025 13:25:46,1005.0,25.4,34.5
24/02/2025 13:30:46,1002.0,25.3,34.4
24/02/2025 13:35:46,1012.0,25.2,34.4
24/02/2025 13:40:46,1016.0,25.3,34.5
24/02/2025 13:45:46,1000.0,25.4,34.4
24/02/2025 13:50:45,1004.0,25.4,34.4
24/02/2025 13:55:45,1008.0,25.5,34.4
24/02/2025 14:00:46,1010.0,25.4,34.5
24/02/2025 14:05:46,992.0,25.2,34.7
24/02/2025 14:10:22,995.0,25.0,34.8
24/02/2025 14:15:23,994.0,25.1,34.8
24/02/2025 14:20:23,991.0,25.3,34.6
24/02/2025 14:25:22,1007.0,25.3,34.6
24/02/2025 14:30:22,1002.0,25.1,34.6
24/02/2025 14:35:22,1003.0,25.1,34.7
24/02/2025 14:40:22,994.0,25.1,34.6
24/02/2025 14:45:22,1009.0,25.1,34.7
24/02/2025 14:50:21,998.0,25.1,34.7
24/02/2025 14:55:21,1004.0,25.2,34.7
24/02/2025 15:00:21,998.0,25.2,34.6
24/02/2025 15:05:22,1011.0,25.3,34.6
24/02/2025 15:10:22,993.0,25.1,34.6
24/02/2025 15:15:21,1011.0,25.0,34.7
24/02/2025 15:20:21,1009.0,25.0,34.7
24/02/2025 15:25:22,1006.0,25.1,34.6
24/02/2025 15:30:22,1004.0,25.1,34.7
24/02/2025 15:35:22,1010.0,25.1,34.6
24/02/2025 15:40:22,1002.0,25.1,34.6
24/02/2025 15:45:22,1000.0,25.1,34.7
24/02/2025 15:50:23,1002.0,25.1,34.7
24/02/2025 15:55:22,990.0,25.1,34.6
24/02/2025 16:00:23,1003.0,25.1,34.6
24/02/2025 16:05:23,1012.0,25.2,34.6
24/02/2025 16:10:23,996.0,25.0,34.6
24/02/2025 16:15:24,1009.0,25.1,34.6
24/02/2025 16:20:24,993.0,25.0,34.7
24/02/2025 16:25:24,1008.0,24.9,34.7
24/02/2025 16:30:24,1006.0,25.0,34.8
24/02/2025 16:35:24,1003.0,24.9,34.8
24/02/2025 16:40:23,1002.0,25.0,34.8
24/02/2025 16:45:23,1000.0,25.0,34.8
24/02/2025 16:50:23,1001.0,25.0,34.8
24/02/2025 16:55:23,987.0,25.0,34.8
24/02/2025 17:00:23,1012.0,25.0,34.7
24/02/2025 17:05:22,1005.0,25.2,34.7
24/02/2025 17:10:23,1003.0,25.0,34.8
24/02/2025 17:15:23,1017.0,25.2,34.7
24/02/2025 17:20:24,1013.0,25.1,34.7
24/02/2025 17:25:24,1006.0,25.0,34.9
24/02/2025 17:30:23,1000.0,24.9,34.9
24/02/2025 17:35:23,1011.0,24.8,34.8
24/02/2025 17:40:23,997.0,25.0,34.7
24/02/2025 17:45:23,1011.0,25.0,34.7
24/02/2025 17:50:22,996.0,25.0,34.7
24/02/2025 17:55:23,1010.0,25.1,34.5
24/02/2025 18:00:23,1009.0,25.2,34.5
24/02/2025 18:05:23,995.0,25.2,34.4
24/02/2025 18:10:24,1009.0,25.2,34.3
24/02/2025 18:15:23,1002.0,25.2,34.4
24/02/2025 18:20:24,1003.0,25.2,34.4
24/02/2025 18:25:22,1010.0,25.2,34.3
24/02/2025 18:30:24,1003.0,25.2,34.3
24/02/2025 18:35:23,1004.0,25.2,34.3
24/02/2025 18:40:22,1005.0,25.2,34.2
24/02/2025 18:45:22,1011.0,25.3,34.2
24/02/2025 18:50:22,998.0,25.1,34.4
24/02/2025 18:55:22,1005.0,25.2,34.4
24/02/2025 19:00:21,1008.0,25.3,34.4
24/02/2025 19:05:21,1015.0,25.1,34.5
24/02/2025 19:10:21,1005.0,25.0,34.5
24/02/2025 19:15:20,1013.0,25.0,34.5
24/02/2025 19:20:20,1000.0,25.0,34.5
24/02/2025 19:25:20,1010.0,24.9,34.5
24/02/2025 19:30:20,1009.0,25.0,34.4
24/02/2025 19:35:20,1001.0,25.0,34.4
24/02/2025 19:40:20,1011.0,25.1,34.4
24/02/2025 19:45:19,1000.0,25.0,34.3
24/02/2025 19:50:19,1008.0,25.0,34.4
24/02/2025 19:55:20,1000.0,25.0,34.4
24/02/2025 20:00:19,1007.0,25.1,34.3
24/02/2025 20:05:20,1015.0,25.0,34.3
24/02/2025 20:10:18,1011.0,25.1,34.3
24/02/2025 20:15:21,1013.0,25.0,34.3
24/02/2025 20:20:20,1012.0,25.0,34.4
24/02/2025 20:25:19,1005.0,25.0,34.3
24/02/2025 20:30:19,1014.0,25.0,34.3
24/02/2025 20:35:21,1015.0,25.0,34.3
24/02/2025 20:40:19,1015.0,25.1,34.2
24/02/2025 20:45:20,1014.0,25.2,34.2
24/02/2025 20:50:20,999.0,25.0,34.3
24/02/2025 20:55:19,1013.0,25.1,34.2
24/02/2025 21:00:19,1008.0,25.0,34.3
24/02/2025 21:05:19,1011.0,25.1,34.3
24/02/2025 21:10:19,1012.0,25.0,34.3
24/02/2025 21:15:18,996.0,25.0,34.2
24/02/2025 21:20:18,1010.0,25.1,34.2
24/02/2025 21:25:19,999.0,25.0,34.2
24/02/2025 21:30:18,1007.0,25.0,34.3
24/02/2025 21:35:19,1011.0,25.0,34.2
24/02/2025 21:40:18,1014.0,25.0,34.2
24/02/2025 21:45:18,1014.0,25.1,34.1
24/02/2025 21:50:18,1007.0,25.1,34.1
24/02/2025 21:55:17,1009.0,25.0,34.2
24/02/2025 22:00:18,998.0,25.0,34.1
24/02/2025 22:05:17,1013.0,25.1,34.0
24/02/2025 22:10:16,1010.0,25.1,34.0
24/02/2025 22:15:17,1005.0,25.0,34.1
24/02/2025 22:20:17,1011.0,25.0,34.1
24/02/2025 22:25:18,1011.0,25.0,34.1
24/02/2025 22:30:17,1011.0,25.0,34.1
24/02/2025 22:35:17,998.0,25.1,34.0
24/02/2025 22:40:17,1011.0,25.1,34.0
24/02/2025 22:45:17,1008.0,25.1,34.0
24/02/2025 22:50:17,1011.0,25.2,34.0
24/02/2025 22:55:17,1014.0,25.1,34.0
24/02/2025 23:00:16,1015.0,25.1,34.0
24/02/2025 23:05:16,1003.0,25.2,33.9
24/02/2025 23:10:16,1003.0,25.2,33.9
24/02/2025 23:15:16,1014.0,25.1,33.9
24/02/2025 23:20:16,1003.0,25.1,34.0
24/02/2025 23:25:16,1015.0,25.1,34.0
24/02/2025 23:30:16,1011.0,25.2,33.9
24/02/2025 23:35:16,999.0,25.2,33.9
24/02/2025 23:40:16,1018.0,25.2,33.9
24/02/2025 23:45:16,1003.0,25.1,33.9
24/02/2025 23:50:18,1006.0,25.2,33.8
24/02/2025 23:55:18,1005.0,25.2,33.9
25/02/2025 00:00:17,1009.0,25.2,33.9
25/02/2025 00:05:17,1006.0,25.1,33.9
25/02/2025 00:10:16,1010.0,25.1,33.9
25/02/2025 00:15:17,1013.0,25.1,33.9
25/02/2025 00:20:16,1004.0,25.1,33.9
25/02/2025 00:25:15,1014.0,25.1,33.9
25/02/2025 00:30:15,1016.0,25.0,34.0
25/02/2025 00:35:15,1004.0,25.0,34.0
25/02/2025 00:40:15,1008.0,25.0,33.9
25/02/2025 00:45:16,1008.0,25.0,33.9
25/02/2025 00:50:16,1010.0,25.0,33.9
25/02/2025 00:55:15,1002.0,25.0,33.9
25/02/2025 01:00:15,1003.0,25.0,33.9
25/02/2025 01:05:15,1016.0,25.1,33.8
25/02/2025 01:10:15,1011.0,25.0,33.9
25/02/2025 01:15:14,999.0,25.0,33.9
25/02/2025 01:20:14,1008.0,24.9,33.9
25/02/2025 01:25:14,1011.0,25.1,33.8
25/02/2025 01:29:58,1011.0,25.0,33.8
25/02/2025 01:34:59,1011.0,25.0,33.9
25/02/2025 01:39:58,1011.0,24.9,33.9
25/02/2025 01:44:58,997.0,24.9,33.9
25/02/2025 02:04:57,1004.0,24.8,34.0
25/02/2025 02:06:12,1010.0,24.8,34.0
25/02/2025 02:11:12,1008.0,24.9,34.0
25/02/2025 02:16:11,1006.0,24.9,33.9
25/02/2025 02:21:12,1016.0,24.9,33.9
25/02/2025 02:26:12,1009.0,24.9,33.9
25/02/2025 02:30:48,995.0,24.9,33.9
25/02/2025 02:35:48,1015.0,24.9,33.9
25/02/2025 02:40:48,1013.0,24.9,33.9
25/02/2025 02:45:48,1014.0,24.9,33.8
25/02/2025 02:50:48,1015.0,24.9,33.8
25/02/2025 02:55:47,1003.0,24.9,33.8
25/02/2025 03:00:47,1004.0,24.8,33.9
25/02/2025 03:05:47,1011.0,24.8,33.9
25/02/2025 03:10:47,998.0,24.9,33.8
25/02/2025 03:15:48,1008.0,24.9,33.8
25/02/2025 03:20:46,1000.0,24.8,33.9
25/02/2025 03:25:47,1011.0,24.8,33.8
25/02/2025 03:30:47,1016.0,24.9,33.7
25/02/2025 03:35:47,1013.0,24.8,33.8
25/02/2025 03:40:47,1010.0,24.8,33.8
25/02/2025 03:45:47,1013.0,24.8,33.8
25/02/2025 03:50:46,1010.0,24.9,33.7
25/02/2025 03:55:46,1001.0,24.9,33.7
25/02/2025 04:00:46,1015.0,24.9,33.6
25/02/2025 04:05:46,999.0,24.8,33.7
25/02/2025 04:10:45,1013.0,24.8,33.7
25/02/2025 04:15:45,1014.0,24.9,33.7
25/02/2025 04:20:45,1009.0,24.8,33.7
25/02/2025 04:25:45,1003.0,24.9,33.7
25/02/2025 04:30:44,1007.0,24.8,33.7
25/02/2025 04:35:44,1004.0,24.9,33.6
25/02/2025 04:40:43,1018.0,24.9,33.6
25/02/2025 04:45:44,1008.0,24.9,33.6
25/02/2025 04:50:44,1015.0,24.8,33.6
25/02/2025 04:55:44,1005.0,24.8,33.6
25/02/2025 05:00:43,1011.0,24.8,33.6
25/02/2025 05:05:43,1011.0,24.8,33.6
25/02/2025 05:10:43,1006.0,24.7,33.6
25/02/2025 05:15:44,1010.0,24.8,33.6
25/02/2025 05:20:44,1004.0,24.8,33.6
25/02/2025 05:25:43,1010.0,24.7,33.6
25/02/2025 05:30:43,1002.0,24.7,33.6
25/02/2025 05:35:43,1012.0,24.7,33.6
25/02/2025 05:40:44,1008.0,24.7,33.5
25/02/2025 05:45:43,1003.0,24.7,33.5
25/02/2025 05:50:43,1011.0,24.6,33.6
25/02/2025 05:55:43,1009.0,24.6,33.6
25/02/2025 06:00:43,1016.0,24.6,33.6
25/02/2025 06:05:44,1016.0,24.5,33.6
25/02/2025 06:10:44,1016.0,24.6,33.6
25/02/2025 06:15:45,1015.0,24.6,33.5
25/02/2025 06:20:45,1017.0,24.6,33.5
25/02/2025 06:25:45,1017.0,24.6,33.5
25/02/2025 06:30:43,1012.0,24.5,33.5
25/02/2025 06:35:43,1004.0,24.5,33.5
25/02/2025 06:40:45,1015.0,24.5,33.5
25/02/2025 06:45:45,1010.0,24.5,33.4
25/02/2025 06:50:45,1011.0,24.5,33.5
25/02/2025 06:55:45,1011.0,24.5,33.4
25/02/2025 07:00:45,1013.0,24.5,33.4
25/02/2025 07:05:47,1013.0,24.6,33.3
25/02/2025 07:10:46,1008.0,24.5,33.4
25/02/2025 07:15:47,1001.0,24.5,33.3
25/02/2025 07:20:48,1009.0,24.5,33.3
25/02/2025 07:25:49,1012.0,24.5,33.3
25/02/2025 07:30:48,1011.0,24.5,33.3
25/02/2025 07:35:48,1015.0,24.4,33.4
25/02/2025 07:40:47,1002.0,24.3,33.5
25/02/2025 07:45:47,1004.0,24.3,33.6
25/02/2025 07:50:47,1011.0,24.3,33.5
25/02/2025 07:55:47,1011.0,24.2,33.6
25/02/2025 08:00:47,1013.0,24.1,33.7
25/02/2025 08:05:46,996.0,24.1,33.7
25/02/2025 08:10:48,1002.0,24.0,33.8
25/02/2025 08:15:48,1007.0,24.0,33.8
25/02/2025 08:20:48,1002.0,24.0,33.7
25/02/2025 08:25:48,1015.0,24.0,33.8
25/02/2025 08:30:47,1006.0,24.0,33.8
25/02/2025 08:35:48,1008.0,24.0,33.8
25/02/2025 08:40:49,1008.0,23.9,33.9
25/02/2025 08:45:50,996.0,23.9,33.9
25/02/2025 08:50:49,1009.0,24.0,33.8
25/02/2025 08:55:49,1001.0,24.0,33.9
25/02/2025 09:00:51,999.0,24.0,33.9
25/02/2025 09:05:56,1004.0,24.0,33.9
25/02/2025 09:10:33,1000.0,24.1,33.9
25/02/2025 09:15:33,994.0,24.0,34.0
25/02/2025 09:20:32,1000.0,24.0,34.0
25/02/2025 09:25:32,1001.0,24.0,34.1
25/02/2025 09:30:32,1001.0,24.1,34.0
25/02/2025 09:35:32,997.0,24.1,34.0
25/02/2025 09:40:32,1011.0,24.1,34.1
25/02/2025 09:45:32,1003.0,23.9,34.2
25/02/2025 09:50:33,1003.0,24.0,34.1
25/02/2025 09:55:32,1000.0,24.2,34.1
25/02/2025 10:00:33,989.0,24.1,34.2
25/02/2025 10:05:32,1008.0,24.2,34.3
25/02/2025 10:10:33,1000.0,24.2,34.3
25/02/2025 10:15:32,1001.0,24.1,34.3
25/02/2025 10:20:31,1004.0,24.2,34.4
25/02/2025 10:25:34,999.0,24.2,34.4
25/02/2025 10:30:31,998.0,24.2,34.5
25/02/2025 10:35:33,1002.0,24.1,34.5
25/02/2025 10:40:33,1007.0,24.2,34.5
25/02/2025 10:45:33,1005.0,24.1,34.5
25/02/2025 10:50:32,1001.0,24.2,34.5
25/02/2025 10:55:32,998.0,24.0,34.6
25/02/2025 11:00:32,1006.0,24.0,34.7
25/02/2025 11:05:31,991.0,24.2,34.6
25/02/2025 11:10:32,1002.0,24.5,34.5
25/02/2025 11:15:33,992.0,24.6,34.5
25/02/2025 11:20:32,1003.0,24.4,34.6
25/02/2025 11:25:32,995.0,24.4,34.6
25/02/2025 11:30:31,1000.0,24.3,34.7
25/02/2025 11:35:31,997.0,24.3,34.7
25/02/2025 11:40:31,985.0,24.3,34.7
25/02/2025 11:45:31,1000.0,24.3,34.7
25/02/2025 11:50:31,987.0,24.5,34.7
25/02/2025 11:55:30,985.0,24.5,34.7
25/02/2025 12:00:30,992.0,24.5,34.8
25/02/2025 12:05:29,996.0,24.6,34.6
25/02/2025 12:10:31,999.0,24.5,34.7
25/02/2025 12:15:30,994.0,24.6,34.7
25/02/2025 12:20:30,1002.0,24.5,34.8
25/02/2025 12:25:30,992.0,24.5,34.9
25/02/2025 12:30:30,996.0,24.7,34.8
25/02/2025 12:37:25,999.0,24.6,34.8
25/02/2025 12:42:08,997.0,24.7,34.8
25/02/2025 13:05:21,1004.0,24.5,35.0
25/02/2025 13:10:21,992.0,24.6,34.9
25/02/2025 13:15:21,994.0,24.6,34.8
25/02/2025 13:20:22,899.0,24.6,34.9
25/02/2025 13:25:21,890.0,24.6,35.0
25/02/2025 13:30:22,905.0,24.7,34.9
25/02/2025 13:35:23,933.0,24.7,34.9
25/02/2025 13:40:23,924.0,24.6,35.0
25/02/2025 13:45:22,926.0,24.6,35.1
25/02/2025 13:50:23,919.0,24.7,35.1
25/02/2025 13:55:23,915.0,24.7,35.0
25/02/2025 14:00:22,921.0,24.6,35.2
25/02/2025 14:05:22,935.0,24.6,35.2
25/02/2025 14:10:23,929.0,24.5,35.3
25/02/2025 14:15:22,908.0,24.4,35.3
25/02/2025 14:20:22,922.0,24.5,35.3
25/02/2025 14:25:21,881.0,24.6,35.1
25/02/2025 14:30:21,924.0,24.7,35.1
25/02/2025 14:35:21,904.0,24.6,35.3
25/02/2025 14:40:21,912.0,24.5,35.3
25/02/2025 14:45:22,911.0,24.5,35.2
25/02/2025 14:50:20,898.0,24.6,35.1
25/02/2025 14:55:20,904.0,24.7,35.1
25/02/2025 15:00:21,914.0,24.5,35.3
25/02/2025 15:05:20,903.0,24.5,35.1
25/02/2025 15:10:21,921.0,24.5,35.1
25/02/2025 15:15:21,911.0,24.4,35.1
25/02/2025 15:20:21,893.0,24.3,35.2
25/02/2025 15:25:20,882.0,24.2,35.1
25/02/2025 15:30:21,903.0,24.2,35.1
25/02/2025 15:35:20,897.0,24.1,35.1
25/02/2025 15:40:20,915.0,23.9,35.2
25/02/2025 15:45:20,899.0,23.5,35.5
25/02/2025 15:50:20,904.0,23.2,35.7
25/02/2025 15:55:19,904.0,23.0,35.9
25/02/2025 16:00:19,880.0,22.9,35.9
25/02/2025 16:05:19,902.0,23.0,35.8
25/02/2025 16:10:18,913.0,23.1,35.7
25/02/2025 16:15:18,918.0,23.1,35.8
25/02/2025 16:20:18,886.0,23.3,35.6
25/02/2025 16:25:17,918.0,23.2,35.6
25/02/2025 16:30:17,915.0,23.4,35.5
25/02/2025 16:35:17,910.0,23.2,35.8
25/02/2025 16:40:17,906.0,23.1,35.9
25/02/2025 16:45:17,916.0,23.2,35.9
25/02/2025 16:50:18,896.0,23.2,35.8
25/02/2025 16:55:17,895.0,23.3,35.7
25/02/2025 17:00:17,906.0,23.4,35.7
25/02/2025 17:05:16,916.0,23.6,35.5
25/02/2025 17:10:17,879.0,23.7,35.4
25/02/2025 17:15:16,887.0,23.7,35.3
25/02/2025 17:20:15,906.0,23.9,35.2
25/02/2025 17:25:17,904.0,23.9,35.2
25/02/2025 17:30:17,888.0,23.8,35.3
25/02/2025 17:35:16,903.0,23.7,35.3
25/02/2025 17:40:16,921.0,23.6,35.3
25/02/2025 17:45:16,923.0,23.6,35.2
25/02/2025 17:50:18,891.0,23.8,35.1
25/02/2025 17:55:17,909.0,23.7,35.2
25/02/2025 18:00:16,890.0,23.8,35.0
25/02/2025 18:05:16,977.0,23.9,34.9
25/02/2025 18:10:17,874.0,24.0,34.8
25/02/2025 18:15:16,896.0,24.0,34.8
25/02/2025 18:20:17,881.0,24.1,34.7
25/02/2025 18:25:16,876.0,24.1,34.7
25/02/2025 18:30:16,889.0,24.2,34.6
25/02/2025 18:35:15,890.0,24.2,34.5
25/02/2025 18:40:17,894.0,24.3,34.5
25/02/2025 18:45:16,888.0,24.2,34.5
25/02/2025 18:50:16,890.0,24.3,34.5
25/02/2025 18:55:15,890.0,24.3,34.5
25/02/2025 19:00:15,879.0,24.3,34.5
25/02/2025 19:05:15,868.0,24.3,34.5
25/02/2025 19:10:16,875.0,24.3,34.6
25/02/2025 19:15:16,872.0,24.3,34.6
25/02/2025 19:20:17,883.0,24.3,34.5
25/02/2025 19:25:16,874.0,24.3,34.6
25/02/2025 19:30:16,869.0,24.3,34.6
25/02/2025 19:35:17,884.0,24.3,34.6
25/02/2025 19:40:17,875.0,24.4,34.5
25/02/2025 19:45:17,869.0,24.4,34.5
25/02/2025 19:50:17,876.0,24.4,34.5
25/02/2025 19:55:17,874.0,24.4,34.5
25/02/2025 20:00:17,872.0,24.4,34.4
25/02/2025 20:05:16,872.0,24.5,34.4
25/02/2025 20:10:16,874.0,24.5,34.4
25/02/2025 20:15:16,877.0,24.4,34.4
25/02/2025 20:20:17,876.0,24.5,34.4
25/02/2025 20:25:16,871.0,24.5,34.4
25/02/2025 20:30:16,876.0,24.5,34.4
25/02/2025 20:35:16,870.0,24.5,34.5
25/02/2025 20:40:17,881.0,24.5,34.4
25/02/2025 20:45:17,878.0,24.5,34.4
25/02/2025 20:50:17,877.0,24.5,34.4
25/02/2025 20:55:17,884.0,24.5,34.5
25/02/2025 21:00:17,868.0,24.5,34.5
25/02/2025 21:05:16,874.0,24.5,34.4
25/02/2025 21:10:16,883.0,24.5,34.4
25/02/2025 21:15:16,879.0,24.4,34.5
25/02/2025 21:20:16,870.0,24.6,34.4
25/02/2025 21:25:16,874.0,24.5,34.4
25/02/2025 21:30:15,878.0,24.5,34.4
25/02/2025 21:35:15,885.0,24.5,34.4
25/02/2025 21:40:15,880.0,24.4,34.5
25/02/2025 21:45:15,887.0,24.5,34.4
25/02/2025 21:50:14,898.0,24.5,34.4
25/02/2025 21:55:15,882.0,24.5,34.4
25/02/2025 22:00:15,886.0,24.4,34.4
25/02/2025 22:05:15,882.0,24.5,34.4
25/02/2025 22:10:15,877.0,24.5,34.4
25/02/2025 22:15:15,880.0,24.4,34.4
25/02/2025 22:20:15,889.0,24.4,34.4
25/02/2025 22:25:52,882.0,24.4,34.4
25/02/2025 22:30:52,886.0,24.5,34.4
25/02/2025 22:35:52,883.0,24.5,34.4
25/02/2025 22:40:51,880.0,24.4,34.4
25/02/2025 22:45:51,882.0,24.4,34.4
25/02/2025 22:50:51,886.0,24.4,34.4
25/02/2025 22:55:50,886.0,24.4,34.4
25/02/2025 23:00:50,897.0,24.3,34.4
25/02/2025 23:05:50,889.0,24.3,34.5
25/02/2025 23:10:50,890.0,24.3,34.4
25/02/2025 23:15:50,889.0,24.4,34.4
25/02/2025 23:20:50,887.0,24.3,34.5
25/02/2025 23:25:50,891.0,24.4,34.3
25/02/2025 23:30:51,897.0,24.4,34.3
25/02/2025 23:35:52,900.0,24.3,34.4
25/02/2025 23:40:52,887.0,24.3,34.4
25/02/2025 23:45:52,896.0,24.4,34.3
25/02/2025 23:50:52,900.0,24.4,34.3
25/02/2025 23:55:52,894.0,24.4,34.3
26/02/2025 00:00:52,896.0,24.4,34.3
26/02/2025 00:05:52,913.0,24.3,34.4
26/02/2025 00:10:52,892.0,24.4,34.3
26/02/2025 00:15:52,903.0,24.4,34.3
26/02/2025 00:20:53,899.0,24.4,34.3
26/02/2025 00:25:52,888.0,24.4,34.2
26/02/2025 00:30:52,894.0,24.5,34.2
26/02/2025 00:35:51,900.0,24.5,34.2
26/02/2025 00:40:51,897.0,24.5,34.1
26/02/2025 00:45:52,906.0,24.5,34.2
26/02/2025 00:50:51,893.0,24.4,34.2
26/02/2025 00:55:52,895.0,24.4,34.2
26/02/2025 01:00:51,893.0,24.4,34.2
26/02/2025 01:05:51,901.0,24.4,34.2
26/02/2025 01:10:50,893.0,24.4,34.2
26/02/2025 01:15:50,896.0,24.4,34.2
26/02/2025 01:20:51,890.0,24.3,34.2
26/02/2025 01:25:51,896.0,24.3,34.2
26/02/2025 01:30:53,903.0,24.3,34.2
26/02/2025 01:35:53,890.0,24.3,34.2
26/02/2025 01:40:52,895.0,24.4,34.1
26/02/2025 01:45:52,895.0,24.4,34.1
26/02/2025 01:50:52,895.0,24.4,34.1
26/02/2025 01:55:51,900.0,24.4,34.1
26/02/2025 02:00:52,892.0,24.4,34.1
26/02/2025 02:05:52,905.0,24.3,34.2
26/02/2025 02:10:52,903.0,24.4,34.1
26/02/2025 02:15:52,899.0,24.4,34.0
26/02/2025 02:20:51,918.0,24.4,34.1
26/02/2025 02:25:51,902.0,24.4,34.1
26/02/2025 02:30:51,897.0,24.4,34.1
26/02/2025 02:35:51,895.0,24.4,34.0
26/02/2025 02:40:51,896.0,24.3,34.1
26/02/2025 02:45:50,899.0,24.4,34.0
26/02/2025 02:50:50,900.0,24.3,34.1
26/02/2025 02:55:50,894.0,24.3,34.1
26/02/2025 03:00:49,903.0,24.3,34.1
26/02/2025 03:05:50,904.0,24.3,34.1
26/02/2025 03:10:50,902.0,24.3,34.0
26/02/2025 03:15:50,907.0,24.3,34.0
26/02/2025 03:20:50,905.0,24.3,34.0
26/02/2025 03:25:50,902.0,24.3,34.0
26/02/2025 03:30:50,896.0,24.2,34.0
26/02/2025 03:35:51,895.0,24.1,34.1
26/02/2025 03:40:51,900.0,24.1,34.1
26/02/2025 03:45:51,902.0,24.1,34.0
26/02/2025 03:50:52,890.0,24.1,34.0
26/02/2025 03:55:52,896.0,24.1,34.0
26/02/2025 04:00:51,893.0,24.1,34.0
26/02/2025 04:05:51,907.0,24.1,33.9
26/02/2025 04:10:51,901.0,24.0,34.0
26/02/2025 04:15:52,896.0,24.0,34.0
26/02/2025 04:20:51,904.0,23.9,34.1
26/02/2025 04:25:52,914.0,23.9,34.1
26/02/2025 04:30:52,904.0,23.8,34.2
26/02/2025 04:35:52,899.0,23.8,34.1
26/02/2025 04:40:52,900.0,23.8,34.1
26/02/2025 04:45:53,903.0,23.9,34.1
26/02/2025 04:50:53,896.0,23.8,34.0
26/02/2025 04:55:53,904.0,23.9,34.0
26/02/2025 05:00:54,898.0,23.8,34.1
26/02/2025 05:05:53,894.0,23.8,34.1
26/02/2025 05:10:52,899.0,23.7,34.1
26/02/2025 05:15:52,912.0,23.8,34.1
26/02/2025 05:20:52,895.0,23.8,34.1
26/02/2025 05:25:51,905.0,23.7,34.1
26/02/2025 05:30:52,904.0,23.7,34.2
26/02/2025 05:35:52,982.0,23.7,34.1
26/02/2025 05:40:52,897.0,23.7,34.0
26/02/2025 05:45:52,898.0,23.7,34.0
26/02/2025 05:50:52,898.0,23.7,34.0
26/02/2025 05:55:52,900.0,23.7,34.0
26/02/2025 06:00:52,888.0,23.7,34.0
26/02/2025 06:05:52,900.0,23.8,33.8
26/02/2025 06:10:53,890.0,23.9,33.9
26/02/2025 06:15:53,888.0,23.8,33.9
26/02/2025 06:20:52,897.0,23.8,33.9
26/02/2025 06:25:52,893.0,23.7,34.0
26/02/2025 06:30:51,900.0,23.7,34.0
26/02/2025 06:35:52,889.0,23.8,33.9
26/02/2025 06:40:51,889.0,24.5,33.9
26/02/2025 06:45:51,896.0,24.5,33.7
26/02/2025 06:50:50,889.0,24.6,33.6
26/02/2025 06:55:51,920.0,24.8,33.6
26/02/2025 07:00:29,916.0,24.6,33.7
26/02/2025 07:05:28,882.0,24.4,33.9
26/02/2025 07:10:28,878.0,24.2,34.0
26/02/2025 07:15:28,887.0,24.1,34.0
26/02/2025 07:20:27,884.0,24.1,34.0
26/02/2025 07:25:27,926.0,24.1,34.0
26/02/2025 07:30:28,936.0,24.0,34.0
26/02/2025 07:35:27,920.0,24.0,34.0
26/02/2025 07:40:26,925.0,24.1,33.9
26/02/2025 07:45:25,892.0,24.0,33.9
26/02/2025 07:50:26,918.0,24.1,33.9
26/02/2025 07:55:25,906.0,24.0,34.0
26/02/2025 08:00:25,886.0,24.2,33.9
26/02/2025 08:05:25,908.0,24.3,33.9
26/02/2025 08:10:26,901.0,24.3,33.9
26/02/2025 08:15:27,903.0,24.4,33.9
26/02/2025 08:20:27,891.0,24.7,33.8
26/02/2025 08:25:26,916.0,24.8,33.9
26/02/2025 08:30:24,881.0,24.7,33.9
26/02/2025 08:35:25,918.0,24.9,33.9
26/02/2025 08:40:26,896.0,25.0,33.9
26/02/2025 08:45:24,912.0,25.1,33.9
26/02/2025 08:50:25,897.0,25.2,33.9
26/02/2025 08:55:24,911.0,25.2,33.9
26/02/2025 09:00:24,915.0,25.1,33.9
26/02/2025 09:05:23,929.0,25.0,34.0
26/02/2025 09:10:23,925.0,25.0,33.9
26/02/2025 09:15:23,874.0,25.0,33.9
26/02/2025 09:20:23,885.0,24.8,34.0
26/02/2025 09:25:22,890.0,24.7,34.0
26/02/2025 09:30:23,917.0,24.8,33.9
26/02/2025 09:35:22,907.0,24.8,33.9
26/02/2025 09:40:22,911.0,24.7,33.9
26/02/2025 09:45:23,888.0,24.7,33.9
26/02/2025 09:50:22,901.0,24.6,34.0
26/02/2025 09:55:23,904.0,24.7,33.9
26/02/2025 10:00:23,886.0,25.0,33.9
26/02/2025 10:05:22,881.0,25.2,33.9
26/02/2025 10:10:21,884.0,25.3,33.8
26/02/2025 10:15:22,897.0,25.4,33.9
26/02/2025 10:20:22,905.0,25.4,33.9
26/02/2025 10:25:21,906.0,25.5,33.9
26/02/2025 10:30:21,885.0,25.4,34.0
26/02/2025 10:35:29,885.0,25.5,33.9
26/02/2025 10:40:21,907.0,25.5,33.9
26/02/2025 10:45:20,919.0,25.7,33.9
26/02/2025 10:50:21,888.0,25.8,33.9
26/02/2025 10:55:19,906.0,25.8,33.9
26/02/2025 11:00:20,894.0,25.7,33.9
26/02/2025 11:05:19,921.0,25.8,33.8
26/02/2025 11:10:19,884.0,25.8,33.9
26/02/2025 11:15:19,894.0,25.6,33.9
26/02/2025 11:20:18,911.0,25.7,33.9
26/02/2025 11:25:18,905.0,25.8,33.9
26/02/2025 11:30:20,920.0,25.8,33.9
26/02/2025 11:35:18,919.0,25.8,33.9
26/02/2025 11:40:17,879.0,25.9,34.0
26/02/2025 11:45:18,888.0,25.7,34.0
26/02/2025 11:50:18,904.0,25.7,34.0
26/02/2025 11:55:17,888.0,25.6,34.0
26/02/2025 12:00:16,915.0,25.5,34.1
26/02/2025 12:05:16,906.0,25.4,34.2
26/02/2025 12:10:16,898.0,25.4,34.1
26/02/2025 12:15:16,912.0,25.3,34.2
26/02/2025 12:20:15,924.0,25.3,34.2
26/02/2025 12:25:16,902.0,25.2,34.2
26/02/2025 12:30:17,908.0,25.2,34.1
26/02/2025 12:35:17,914.0,25.2,34.2
26/02/2025 12:40:16,914.0,25.0,34.3
26/02/2025 12:45:16,909.0,25.0,34.3
26/02/2025 12:50:16,877.0,24.9,34.3
26/02/2025 12:55:17,894.0,24.7,34.4
26/02/2025 13:00:17,904.0,24.6,34.5
26/02/2025 13:05:16,912.0,24.8,34.3
26/02/2025 13:10:17,900.0,24.8,34.3
26/02/2025 13:15:17,907.0,24.9,34.3
26/02/2025 13:20:17,900.0,24.8,34.4
26/02/2025 13:25:16,900.0,24.8,34.3
26/02/2025 13:30:17,901.0,25.0,34.1
26/02/2025 13:35:17,894.0,25.2,34.2
26/02/2025 13:40:17,887.0,25.2,34.3
26/02/2025 13:45:17,899.0,25.2,34.3
26/02/2025 13:50:17,904.0,25.3,34.3
26/02/2025 13:55:16,882.0,25.4,34.3
26/02/2025 14:00:16,923.0,25.4,34.3
26/02/2025 14:05:17,907.0,25.4,34.3
26/02/2025 14:10:16,879.0,25.5,34.3
26/02/2025 14:15:15,885.0,25.4,34.4
26/02/2025 14:20:15,896.0,25.2,34.4
26/02/2025 14:25:15,910.0,25.1,34.4
26/02/2025 14:30:15,905.0,25.2,34.3
26/02/2025 14:35:15,886.0,25.6,34.3
26/02/2025 14:40:16,917.0,25.4,34.3
26/02/2025 14:45:16,881.0,25.3,34.3
26/02/2025 14:50:15,910.0,25.2,34.2
26/02/2025 14:55:15,888.0,25.4,34.3
26/02/2025 15:00:15,917.0,25.5,34.3
26/02/2025 15:05:15,896.0,25.3,34.3
26/02/2025 15:10:16,904.0,25.1,34.3
26/02/2025 15:15:16,893.0,25.0,34.3
26/02/2025 15:20:47,919.0,24.9,34.3
26/02/2025 15:24:59,895.0,25.0,34.2
26/02/2025 15:29:58,892.0,24.9,34.3
26/02/2025 15:34:58,914.0,24.8,34.3
26/02/2025 15:39:58,900.0,25.4,34.3
26/02/2025 15:44:58,910.0,24.9,34.3
26/02/2025 16:04:57,917.0,25.0,34.4
26/02/2025 16:06:13,898.0,25.0,34.4
26/02/2025 16:11:13,876.0,25.2,34.6
26/02/2025 16:16:12,891.0,25.1,34.5
26/02/2025 16:21:12,893.0,25.2,34.5
26/02/2025 16:26:12,914.0,24.7,34.5
26/02/2025 16:31:12,915.0,24.8,34.4
26/02/2025 16:36:12,905.0,25.0,34.3
26/02/2025 16:41:12,886.0,24.9,34.3
26/02/2025 16:46:13,896.0,24.6,34.4
26/02/2025 16:51:14,903.0,24.7,34.4
26/02/2025 16:56:14,896.0,24.6,34.3
26/02/2025 17:01:14,916.0,24.6,34.4
26/02/2025 17:04:50,816.0,24.3,34.4
26/02/2025 17:06:05,816.0,24.2,34.3
26/02/2025 17:11:05,819.0,24.8,33.8
26/02/2025 17:16:06,831.0,25.2,33.4
26/02/2025 17:21:07,831.0,25.6,32.9
26/02/2025 17:26:07,829.0,25.9,32.6
26/02/2025 17:31:08,813.0,26.6,32.3
26/02/2025 17:36:10,815.0,26.5,32.0
26/02/2025 17:41:08,815.0,26.3,31.8
26/02/2025 17:46:08,816.0,26.5,31.6
26/02/2025 17:51:07,812.0,26.6,31.4
26/02/2025 17:56:08,823.0,26.6,31.3
26/02/2025 18:01:09,828.0,26.7,31.2
26/02/2025 18:04:44,885.0,26.8,31.1
26/02/2025 18:06:00,882.0,26.7,31.1
26/02/2025 18:11:00,920.0,26.4,31.5
26/02/2025 18:16:00,904.0,25.9,31.9
26/02/2025 18:21:02,913.0,25.5,32.2
26/02/2025 18:26:00,909.0,25.3,32.5
26/02/2025 18:31:00,896.0,24.9,32.7
26/02/2025 18:36:02,887.0,24.7,32.8
26/02/2025 18:41:01,881.0,24.4,32.9
26/02/2025 18:46:01,872.0,24.4,33.0
26/02/2025 18:51:02,870.0,24.7,33.2
26/02/2025 18:56:01,882.0,24.0,33.4
26/02/2025 19:01:02,882.0,24.4,33.4
26/02/2025 19:04:46,872.0,24.2,33.5
26/02/2025 19:06:02,865.0,24.3,33.5
26/02/2025 19:11:02,875.0,24.1,33.6
26/02/2025 19:16:01,871.0,23.9,33.6
26/02/2025 19:21:01,868.0,23.8,33.7
26/02/2025 19:26:00,893.0,23.8,33.6
26/02/2025 19:31:00,868.0,23.7,33.6
26/02/2025 19:36:01,870.0,23.7,33.6
26/02/2025 19:41:01,863.0,23.6,33.6
26/02/2025 19:46:00,864.0,23.5,33.7
26/02/2025 19:51:00,870.0,23.4,33.7
26/02/2025 19:56:02,893.0,23.5,33.6
26/02/2025 20:01:01,880.0,23.3,33.7
26/02/2025 20:04:46,864.0,23.3,33.7
26/02/2025 20:06:02,892.0,23.3,33.7
26/02/2025 20:11:01,867.0,23.2,33.7
26/02/2025 20:16:01,879.0,23.2,33.7
26/02/2025 20:21:01,877.0,23.2,33.7
26/02/2025 20:26:00,869.0,23.1,33.7
26/02/2025 20:31:00,878.0,23.1,33.7
26/02/2025 20:35:59,874.0,23.0,33.6
26/02/2025 20:41:00,885.0,23.0,33.7
26/02/2025 20:46:00,869.0,22.9,33.7
26/02/2025 20:50:59,873.0,22.9,33.7
26/02/2025 20:56:00,871.0,22.8,33.7
26/02/2025 21:00:59,880.0,22.8,33.6
26/02/2025 21:04:43,873.0,22.8,33.6
26/02/2025 21:05:59,886.0,22.7,33.6
26/02/2025 21:10:59,884.0,22.7,33.6
26/02/2025 21:15:59,883.0,22.6,33.6
26/02/2025 21:20:59,872.0,22.6,33.6
26/02/2025 21:25:57,876.0,22.6,33.6
26/02/2025 21:30:58,891.0,22.5,33.5
26/02/2025 21:36:04,879.0,22.5,33.5
26/02/2025 21:40:58,880.0,22.5,33.5
26/02/2025 21:45:58,875.0,22.4,33.5
26/02/2025 21:50:58,884.0,22.4,33.5
26/02/2025 21:55:57,876.0,22.4,33.5
26/02/2025 22:00:57,882.0,22.4,33.5
26/02/2025 22:05:58,903.0,22.3,33.6
26/02/2025 22:10:57,882.0,22.2,33.6
26/02/2025 22:15:58,891.0,22.3,33.5
26/02/2025 22:20:58,889.0,22.3,33.5
26/02/2025 22:25:57,881.0,22.2,33.5
26/02/2025 22:30:57,892.0,22.1,33.6
26/02/2025 22:35:57,889.0,22.2,33.5
26/02/2025 22:40:56,901.0,22.1,33.5
26/02/2025 22:45:56,888.0,22.0,33.6
26/02/2025 22:50:56,904.0,22.0,33.6
26/02/2025 22:55:57,895.0,22.0,33.5
26/02/2025 23:00:57,895.0,22.0,33.5
26/02/2025 23:05:57,896.0,22.0,33.4
26/02/2025 23:10:56,888.0,22.0,33.4
26/02/2025 23:15:56,890.0,22.0,33.5
26/02/2025 23:20:57,889.0,21.9,33.5
26/02/2025 23:25:56,906.0,21.8,33.5
26/02/2025 23:30:56,899.0,21.8,33.6
26/02/2025 23:35:57,881.0,21.7,33.6
26/02/2025 23:40:57,894.0,21.8,33.5
26/02/2025 23:45:57,883.0,21.8,33.3
26/02/2025 23:50:56,915.0,21.8,33.3
26/02/2025 23:55:56,893.0,21.8,33.3
27/02/2025 00:00:57,893.0,21.8,33.2
27/02/2025 00:05:57,899.0,21.8,33.2
27/02/2025 00:10:56,887.0,21.8,33.2
27/02/2025 00:15:56,898.0,21.8,33.2
27/02/2025 00:20:56,894.0,21.8,33.2
27/02/2025 00:25:56,897.0,21.8,33.1
27/02/2025 00:30:56,894.0,21.8,33.2
27/02/2025 00:35:55,890.0,21.7,33.2
27/02/2025 00:40:55,891.0,21.7,33.3
27/02/2025 00:45:55,902.0,21.8,33.2
27/02/2025 00:50:54,891.0,21.8,33.2
27/02/2025 00:55:54,894.0,21.8,33.2
27/02/2025 01:00:54,886.0,21.7,33.3
27/02/2025 01:05:54,892.0,21.7,33.2
27/02/2025 01:10:53,891.0,21.8,33.1
27/02/2025 01:15:53,890.0,21.7,33.2
27/02/2025 01:20:53,898.0,21.7,33.2
27/02/2025 01:25:53,902.0,21.6,33.3
27/02/2025 01:30:53,905.0,21.7,33.2
27/02/2025 01:35:53,897.0,21.7,33.2
27/02/2025 01:40:53,902.0,21.6,33.2
27/02/2025 01:45:30,896.0,21.7,33.1
27/02/2025 01:50:30,895.0,21.7,33.1
27/02/2025 01:55:30,899.0,21.7,33.1
27/02/2025 02:00:32,899.0,21.7,33.1
27/02/2025 02:05:32,905.0,21.7,33.0
27/02/2025 02:10:31,896.0,21.7,33.0
27/02/2025 02:15:31,892.0,21.7,33.1
27/02/2025 02:20:30,897.0,21.6,33.0
27/02/2025 02:25:30,899.0,21.7,33.0
27/02/2025 02:30:30,891.0,21.6,33.0
27/02/2025 02:35:31,894.0,21.7,33.0
27/02/2025 02:40:31,907.0,21.6,33.0
27/02/2025 02:45:31,901.0,21.6,33.0
27/02/2025 02:50:30,907.0,21.6,33.1
27/02/2025 02:55:30,900.0,21.6,33.0
27/02/2025 03:00:31,906.0,21.7,32.9
27/02/2025 03:05:31,905.0,21.6,32.9
27/02/2025 03:10:31,906.0,21.6,33.0
27/02/2025 03:15:31,903.0,21.6,33.0
27/02/2025 03:20:31,912.0,21.6,33.0
27/02/2025 03:25:31,899.0,21.6,33.0
27/02/2025 03:30:32,902.0,21.6,33.0
27/02/2025 03:35:32,905.0,21.6,33.0
27/02/2025 03:40:32,900.0,21.6,33.0
27/02/2025 03:45:30,903.0,21.7,32.9
27/02/2025 03:50:30,894.0,21.7,33.0
27/02/2025 03:55:31,901.0,21.6,33.0
27/02/2025 04:00:31,913.0,21.6,33.0
27/02/2025 04:05:32,903.0,21.6,33.0
27/02/2025 04:10:31,898.0,21.6,33.0
27/02/2025 04:15:31,904.0,21.6,33.0
27/02/2025 04:20:32,902.0,21.7,32.9
27/02/2025 04:25:32,905.0,21.6,32.9
27/02/2025 04:30:31,903.0,21.6,33.0
27/02/2025 04:35:32,906.0,21.6,33.0
27/02/2025 04:40:32,903.0,21.6,33.0
27/02/2025 04:45:33,896.0,21.5,33.0
27/02/2025 04:50:32,909.0,21.5,32.9
27/02/2025 04:55:33,913.0,21.5,32.9
27/02/2025 05:00:34,899.0,21.5,32.9
27/02/2025 05:05:33,902.0,21.5,32.9
27/02/2025 05:10:33,901.0,21.4,33.0
27/02/2025 05:15:32,906.0,21.4,33.0
27/02/2025 05:20:32,898.0,21.4,32.9
27/02/2025 05:25:33,902.0,21.5,32.9
27/02/2025 05:30:34,899.0,21.4,32.9
27/02/2025 05:35:33,907.0,21.5,32.8
27/02/2025 05:40:33,907.0,21.5,32.8
27/02/2025 05:45:33,888.0,21.5,32.8
27/02/2025 05:50:32,899.0,21.5,32.8
27/02/2025 05:55:32,895.0,21.5,32.8
27/02/2025 06:00:32,898.0,21.4,32.8
27/02/2025 06:05:32,895.0,21.5,32.8
27/02/2025 06:10:33,894.0,21.4,32.9
27/02/2025 06:15:32,890.0,21.4,32.8
27/02/2025 06:20:33,893.0,21.4,32.8
27/02/2025 06:25:33,900.0,21.4,32.8
27/02/2025 06:30:33,893.0,21.4,32.8
27/02/2025 06:37:21,887.0,21.3,32.8
27/02/2025 06:42:16,906.0,21.4,32.7
27/02/2025 07:05:31,907.0,21.3,32.7
27/02/2025 07:10:30,911.0,21.3,32.7
27/02/2025 07:15:30,887.0,21.3,32.7
27/02/2025 07:20:30,894.0,21.3,32.6
27/02/2025 07:25:29,900.0,21.3,32.7
27/02/2025 07:30:29,925.0,21.3,32.6
27/02/2025 07:35:29,928.0,21.3,32.6
27/02/2025 07:40:28,895.0,21.2,32.6
27/02/2025 07:45:29,922.0,21.2,32.7
27/02/2025 07:50:29,879.0,21.3,32.6
27/02/2025 07:55:29,918.0,21.3,32.6
27/02/2025 08:00:29,919.0,21.3,32.6
27/02/2025 08:05:28,907.0,21.4,32.6
27/02/2025 08:10:28,909.0,21.4,32.6
27/02/2025 08:15:28,916.0,21.4,32.6
27/02/2025 08:20:27,923.0,21.4,32.6
27/02/2025 08:25:27,898.0,21.4,32.6
27/02/2025 08:30:27,888.0,21.4,32.7
27/02/2025 08:35:26,916.0,21.3,32.7
27/02/2025 08:40:26,901.0,21.3,32.7
27/02/2025 08:45:26,908.0,21.3,32.8
27/02/2025 08:50:26,893.0,21.2,32.8
27/02/2025 08:55:25,893.0,21.3,32.8
27/02/2025 09:00:25,917.0,21.3,32.7
27/02/2025 09:05:27,910.0,21.4,32.8
27/02/2025 09:10:25,908.0,21.4,32.9
27/02/2025 09:15:25,909.0,21.3,33.0
27/02/2025 09:20:26,893.0,21.4,33.0
27/02/2025 09:25:28,926.0,21.4,33.0
27/02/2025 09:30:27,898.0,21.5,33.0
27/02/2025 09:35:26,897.0,21.5,33.0
27/02/2025 09:40:26,922.0,21.5,33.1
27/02/2025 09:45:27,878.0,21.5,33.1
27/02/2025 09:50:25,1013.0,21.5,33.1
27/02/2025 09:55:26,1011.0,27.3,28.3
27/02/2025 10:00:25,1018.0,32.1,23.7
27/02/2025 10:05:25,809.0,34.9,22.0
27/02/2025 10:10:25,811.0,36.5,21.3
27/02/2025 10:15:25,811.0,37.5,21.1
27/02/2025 10:20:24,802.0,38.0,20.9
27/02/2025 10:25:24,835.0,38.4,20.9
27/02/2025 10:30:24,818.0,32.8,25.6
27/02/2025 11:05:04,1010.0,22.9,32.6
27/02/2025 11:09:49,1009.0,22.7,32.8
27/02/2025 11:14:48,1007.0,22.6,32.9
27/02/2025 11:19:47,1008.0,22.4,33.1
27/02/2025 11:24:47,1000.0,22.3,33.2
27/02/2025 11:44:46,1004.0,22.0,33.6
27/02/2025 12:04:46,991.0,22.1,33.8
27/02/2025 12:11:03,1014.0,29.7,27.9
27/02/2025 12:16:03,1009.0,33.1,25.6
27/02/2025 12:21:03,998.0,33.8,25.3
27/02/2025 12:26:02,1006.0,34.2,25.4
27/02/2025 12:31:02,1003.0,34.3,25.4
27/02/2025 12:36:01,1009.0,34.2,25.5
27/02/2025 12:41:02,1000.0,34.0,25.6
27/02/2025 12:46:01,1010.0,33.9,25.8
27/02/2025 12:51:01,1004.0,34.3,25.6
27/02/2025 12:56:01,1009.0,34.2,25.7
27/02/2025 13:01:00,998.0,34.2,25.7
27/02/2025 13:04:45,998.0,33.8,25.9
27/02/2025 13:06:00,1006.0,33.9,25.9
27/02/2025 13:11:00,1014.0,33.7,26.0
27/02/2025 13:15:59,994.0,33.5,26.0
27/02/2025 13:21:00,1010.0,33.6,26.1
27/02/2025 13:26:01,1006.0,33.5,26.0
27/02/2025 13:31:01,1001.0,33.8,25.8
27/02/2025 13:36:00,993.0,33.9,25.9
27/02/2025 13:41:00,1012.0,33.8,25.9
27/02/2025 13:46:00,999.0,33.9,25.9
27/02/2025 13:51:00,998.0,33.8,26.0
27/02/2025 13:56:00,996.0,33.5,26.0
27/02/2025 14:01:01,1001.0,33.4,26.1
27/02/2025 14:04:45,1002.0,33.1,26.3
27/02/2025 14:05:59,998.0,33.0,26.2
27/02/2025 14:11:01,996.0,33.3,26.1
27/02/2025 14:15:59,1004.0,33.3,26.2
27/02/2025 14:21:00,990.0,33.4,26.0
27/02/2025 14:25:58,998.0,33.0,26.2
27/02/2025 14:30:58,999.0,32.8,26.4
27/02/2025 14:35:58,991.0,32.8,26.3
27/02/2025 14:40:59,1000.0,32.7,26.3
27/02/2025 14:45:59,1004.0,32.7,26.4
27/02/2025 14:50:59,1002.0,32.5,26.4
27/02/2025 14:55:59,1010.0,32.6,26.3
27/02/2025 15:00:58,1006.0,32.7,26.3
27/02/2025 15:05:59,987.0,32.6,26.3
27/02/2025 15:10:58,996.0,32.5,26.4
27/02/2025 15:15:59,996.0,32.4,26.5
27/02/2025 15:20:59,1005.0,32.3,26.6
27/02/2025 15:25:58,995.0,32.3,26.5
27/02/2025 15:30:59,1002.0,32.5,26.5
27/02/2025 15:36:00,999.0,32.3,26.5
27/02/2025 15:40:58,1005.0,32.3,26.5
27/02/2025 15:45:58,1013.0,32.3,26.6
27/02/2025 15:50:59,1011.0,32.2,26.6
27/02/2025 15:55:58,1006.0,32.2,26.6
27/02/2025 16:00:58,990.0,32.2,26.6
27/02/2025 16:05:57,1000.0,32.2,26.6
27/02/2025 16:10:56,992.0,32.4,26.6
27/02/2025 16:15:56,1004.0,32.5,26.5
27/02/2025 16:20:56,999.0,32.6,26.4
27/02/2025 16:25:57,1002.0,32.4,26.5
27/02/2025 16:30:58,1000.0,32.3,26.5
27/02/2025 16:35:57,1003.0,32.3,26.6
27/02/2025 16:40:56,979.0,32.2,26.6
27/02/2025 16:45:56,988.0,32.2,26.6
27/02/2025 16:50:56,999.0,32.5,26.5
27/02/2025 16:55:56,1009.0,32.6,26.4
27/02/2025 17:00:55,1012.0,32.8,26.3
27/02/2025 17:05:55,995.0,33.0,26.2
27/02/2025 17:10:55,1004.0,32.9,26.2
27/02/2025 17:15:55,1005.0,33.0,26.2
27/02/2025 17:20:54,1002.0,33.1,26.1
27/02/2025 17:25:56,1010.0,33.3,25.9
27/02/2025 17:30:57,1009.0,33.5,25.9
27/02/2025 17:35:58,1006.0,33.6,25.8
27/02/2025 17:40:57,1011.0,33.7,25.7
27/02/2025 17:47:50,1010.0,33.9,25.7
27/02/2025 17:52:41,1009.0,33.7,25.8
27/02/2025 17:57:40,1009.0,33.6,25.9
27/02/2025 18:02:48,1006.0,33.5,25.9
27/02/2025 18:05:56,1010.0,33.5,26.0
27/02/2025 18:10:56,1006.0,33.4,26.0
27/02/2025 18:15:56,1011.0,33.4,26.0
27/02/2025 18:20:56,1009.0,33.4,26.1
27/02/2025 18:25:56,1011.0,33.4,26.1
27/02/2025 18:30:56,1001.0,33.4,26.1
27/02/2025 18:35:55,1009.0,33.6,26.0
27/02/2025 18:40:55,1009.0,33.4,26.1
27/02/2025 18:45:56,1008.0,33.3,26.2
27/02/2025 18:50:56,1015.0,33.3,26.2
27/02/2025 18:55:56,1009.0,33.2,26.2
27/02/2025 19:00:56,1015.0,33.3,26.2
27/02/2025 19:05:57,1003.0,33.3,26.2
27/02/2025 19:10:56,1010.0,33.3,26.2
27/02/2025 19:15:56,1002.0,33.3,26.2
27/02/2025 19:20:56,1011.0,33.1,26.3
27/02/2025 19:25:56,995.0,33.2,26.2
27/02/2025 19:30:58,1006.0,33.3,26.2
27/02/2025 19:35:56,1015.0,33.3,26.2
27/02/2025 19:40:56,1011.0,33.4,26.2
27/02/2025 19:45:55,1009.0,33.4,26.2
27/02/2025 19:50:56,999.0,33.3,26.2
27/02/2025 19:55:56,1008.0,33.4,26.2
27/02/2025 20:00:57,1011.0,33.4,26.2
27/02/2025 20:05:56,1014.0,33.4,26.2
27/02/2025 20:10:56,1003.0,33.4,26.2
27/02/2025 20:15:57,1014.0,33.4,26.2
27/02/2025 20:20:56,1011.0,33.4,26.2
27/02/2025 20:25:56,1003.0,33.5,26.1
27/02/2025 20:30:55,1009.0,33.5,26.1
27/02/2025 20:35:56,1012.0,33.5,26.1
27/02/2025 20:40:56,1011.0,33.5,26.1
27/02/2025 20:45:55,997.0,33.5,26.1
27/02/2025 20:50:55,1009.0,33.5,26.1
27/02/2025 20:55:54,1012.0,33.5,26.1
27/02/2025 21:00:54,1015.0,33.6,26.1
27/02/2025 21:05:55,1009.0,33.6,26.1
27/02/2025 21:10:54,1006.0,33.6,26.1
27/02/2025 21:15:54,994.0,33.7,26.0
27/02/2025 21:20:54,1007.0,33.6,26.0
27/02/2025 21:25:54,1001.0,33.7,26.0
27/02/2025 21:30:53,1010.0,33.7,26.0
27/02/2025 21:35:53,1004.0,33.7,26.0
27/02/2025 21:40:54,1008.0,33.7,26.0
27/02/2025 21:45:54,1014.0,33.7,26.0
27/02/2025 21:50:53,1012.0,33.8,26.0
27/02/2025 21:55:53,1000.0,33.8,25.9
27/02/2025 22:00:53,1009.0,33.7,26.0
27/02/2025 22:05:52,1010.0,33.7,26.0
27/02/2025 22:10:53,1012.0,33.7,26.0
27/02/2025 22:15:53,1008.0,33.8,26.0
27/02/2025 22:20:30,1003.0,33.8,26.0
27/02/2025 22:25:30,1016.0,33.8,26.0
27/02/2025 22:30:29,1016.0,33.9,25.9
27/02/2025 22:35:29,1005.0,33.9,25.9
27/02/2025 22:40:29,1010.0,33.9,25.9
27/02/2025 22:45:28,1009.0,34.0,25.9
27/02/2025 22:50:29,1010.0,33.9,25.9
27/02/2025 22:55:29,1013.0,34.0,25.8
27/02/2025 23:00:28,1010.0,34.0,25.9
27/02/2025 23:05:29,1007.0,34.0,25.9
27/02/2025 23:10:29,994.0,34.1,25.8
27/02/2025 23:15:28,1006.0,34.1,25.8
27/02/2025 23:20:28,1009.0,34.1,25.8
27/02/2025 23:25:29,1009.0,34.1,25.8
27/02/2025 23:30:29,1013.0,34.2,25.8
27/02/2025 23:35:29,1005.0,34.1,25.8
27/02/2025 23:40:28,1010.0,34.1,25.8
27/02/2025 23:45:28,1016.0,34.2,25.8
27/02/2025 23:50:28,1008.0,34.2,25.8
27/02/2025 23:55:28,1013.0,34.1,25.8
28/02/2025 00:00:28,993.0,34.2,25.8
28/02/2025 00:05:27,1008.0,34.2,25.8
28/02/2025 00:10:27,1004.0,34.2,25.8
28/02/2025 00:15:28,995.0,34.2,25.7
28/02/2025 00:20:27,1002.0,34.3,25.8
28/02/2025 00:25:27,1010.0,34.3,25.7
28/02/2025 00:30:27,998.0,34.3,25.7
28/02/2025 00:35:27,1009.0,34.2,25.8
28/02/2025 00:40:26,1009.0,34.1,25.8
28/02/2025 00:45:26,1015.0,34.1,25.8
28/02/2025 00:50:26,1008.0,34.3,25.7
28/02/2025 00:55:26,1009.0,34.2,25.8
28/02/2025 01:00:26,1011.0,34.1,25.8
28/02/2025 01:05:25,1010.0,34.2,25.7
28/02/2025 01:10:26,1006.0,34.2,25.7
28/02/2025 01:15:25,1011.0,34.2,25.8
28/02/2025 01:20:25,1009.0,34.2,25.7
28/02/2025 01:25:26,1014.0,34.3,25.7
28/02/2025 01:30:25,1014.0,34.2,25.7
28/02/2025 01:35:26,1014.0,34.2,25.7
28/02/2025 01:40:26,1007.0,34.2,25.7
28/02/2025 01:45:26,1012.0,34.3,25.6
28/02/2025 01:50:26,1012.0,34.4,25.6
28/02/2025 01:55:26,998.0,34.3,25.6
28/02/2025 02:00:26,1002.0,34.5,25.5
28/02/2025 02:05:27,1009.0,34.4,25.5
28/02/2025 02:10:26,1005.0,34.4,25.6
28/02/2025 02:15:27,1011.0,34.4,25.6
28/02/2025 02:20:27,1015.0,34.3,25.6
28/02/2025 02:25:27,1008.0,34.4,25.6
28/02/2025 02:30:28,1009.0,34.4,25.6
28/02/2025 02:35:27,1000.0,34.3,25.6
28/02/2025 02:40:27,1014.0,34.3,25.6
28/02/2025 02:45:27,1005.0,34.3,25.6
28/02/2025 02:50:27,1012.0,34.4,25.6
28/02/2025 02:55:26,1010.0,34.4,25.6
28/02/2025 03:00:26,1010.0,34.4,25.6
28/02/2025 03:05:26,1013.0,34.5,25.5
28/02/2025 03:10:25,1003.0,34.3,25.6
28/02/2025 03:15:25,1000.0,34.3,25.6
28/02/2025 03:20:25,1010.0,34.4,25.5
28/02/2025 03:25:25,1010.0,34.3,25.6
28/02/2025 03:30:26,1009.0,34.3,25.5
28/02/2025 03:35:26,1011.0,34.4,25.4
28/02/2025 03:40:25,1003.0,34.5,25.5
28/02/2025 03:45:25,1016.0,34.4,25.5
28/02/2025 03:50:27,1015.0,34.4,25.5
28/02/2025 03:55:26,1014.0,34.4,25.5
28/02/2025 04:00:25,1014.0,34.4,25.5
28/02/2025 04:05:26,1016.0,34.4,25.5
28/02/2025 04:10:26,1011.0,34.4,25.5
28/02/2025 04:15:25,1000.0,34.4,25.4
28/02/2025 04:20:25,1010.0,34.4,25.5
28/02/2025 04:25:27,1010.0,34.4,25.5
28/02/2025 04:30:27,994.0,34.4,25.4
28/02/2025 04:35:26,1003.0,34.4,25.4
28/02/2025 04:40:26,1011.0,34.4,25.4
28/02/2025 04:45:27,1004.0,34.4,25.4
28/02/2025 04:50:26,1008.0,34.3,25.5
28/02/2025 04:55:27,1012.0,34.3,25.4
28/02/2025 05:00:27,1010.0,34.3,25.5
28/02/2025 05:05:26,1010.0,34.3,25.4
28/02/2025 05:10:26,1008.0,34.2,25.4
28/02/2025 05:15:27,1003.0,34.4,25.4
28/02/2025 05:20:27,1014.0,34.3,25.4
28/02/2025 05:25:27,1011.0,34.3,25.4
28/02/2025 05:30:26,1014.0,34.3,25.4
28/02/2025 05:35:26,996.0,34.3,25.3
28/02/2025 05:40:26,999.0,34.4,25.3
28/02/2025 05:45:26,1009.0,34.4,25.3
28/02/2025 05:50:25,1010.0,34.3,25.3
28/02/2025 05:55:25,1010.0,34.4,25.3
28/02/2025 06:00:27,1011.0,34.3,25.3
28/02/2025 06:05:26,1005.0,34.4,25.3
28/02/2025 06:10:25,1012.0,34.5,25.2
28/02/2025 06:15:25,1006.0,34.4,25.2
28/02/2025 06:20:26,1012.0,34.4,25.2
28/02/2025 06:25:24,1015.0,34.4,25.2
28/02/2025 06:30:26,1009.0,34.4,25.2
28/02/2025 06:35:26,1007.0,34.4,25.2
28/02/2025 06:40:25,1014.0,34.4,25.2
28/02/2025 06:45:26,1014.0,34.4,25.2
28/02/2025 06:50:25,1011.0,34.4,25.2
28/02/2025 06:55:25,1007.0,34.4,25.2
28/02/2025 07:00:24,1016.0,34.3,25.2
28/02/2025 07:05:24,1004.0,34.4,25.1
28/02/2025 07:10:24,1010.0,34.4,25.1
28/02/2025 07:15:24,1012.0,34.4,25.2
28/02/2025 07:20:23,1016.0,34.2,25.2
28/02/2025 07:25:23,1004.0,34.2,25.3
28/02/2025 07:30:24,1013.0,34.1,25.3
28/02/2025 07:35:23,1009.0,34.2,25.4
28/02/2025 07:40:23,1010.0,34.0,25.4
28/02/2025 07:45:22,1013.0,34.4,25.3
28/02/2025 07:50:22,1008.0,34.5,25.1
28/02/2025 07:55:23,1010.0,34.3,25.3
28/02/2025 08:00:23,999.0,34.1,25.5
28/02/2025 08:05:22,1010.0,34.0,25.6
28/02/2025 08:10:22,1010.0,33.8,25.7
28/02/2025 08:15:21,1004.0,33.7,25.7
28/02/2025 08:20:21,1009.0,33.7,25.7
28/02/2025 08:25:21,1007.0,33.9,25.7
28/02/2025 08:30:22,1009.0,33.7,25.8
28/02/2025 08:35:21,1004.0,33.7,25.9
28/02/2025 08:40:21,1006.0,33.6,26.0
28/02/2025 08:45:22,1008.0,33.6,26.0
